263,247
264,247
265,247
266,247
267,247
268,247
269,247
270,247
271,247
272,247
273,247
274,247
275,247
276,247
277,247
278,247
279,247
280,247
281,247
282,247
283,247
284,247
285,247
286,247
287,247
288,247
252,248
253,248
254,248
255,248
256,248
257,248
263,248
264,248
265,248
266,248
267,248
268,248
269,248
270,248
271,248
272,248
273,248
274,248
275,248
276,248
277,248
278,248
279,248
280,248
281,248
282,248
283,248
284,248
285,248
286,248
287,248
288,248
289,248
252,249
253,249
254,249
255,249
256,249
257,249
263,249
264,249
265,249
266,249
267,249
268,249
269,249
270,249
271,249
272,249
273,249
274,249
275,249
276,249
277,249
278,249
279,249
280,249
281,249
282,249
283,249
284,249
285,249
286,249
287,249
288,249
289,249
290,249
252,250
253,250
254,250
255,250
256,250
257,250
263,250
264,250
265,250
266,250
267,250
268,250
269,250
270,250
271,250
272,250
273,250
274,250
275,250
276,250
277,250
278,250
279,250
280,250
281,250
282,250
283,250
284,250
285,250
286,250
287,250
288,250
289,250
290,250
291,250
208,251
209,251
210,251
211,251
212,251
213,251
214,251
215,251
216,251
217,251
218,251
219,251
220,251
221,251
222,251
223,251
224,251
225,251
226,251
227,251
228,251
229,251
230,251
231,251
232,251
233,251
234,251
235,251
236,251
237,251
238,251
239,251
244,251
245,251
246,251
247,251
248,251
249,251
250,251
251,251
252,251
253,251
254,251
255,251
256,251
257,251
263,251
264,251
265,251
266,251
267,251
268,251
269,251
270,251
271,251
272,251
273,251
274,251
275,251
276,251
277,251
278,251
279,251
280,251
281,251
282,251
283,251
284,251
285,251
286,251
287,251
288,251
289,251
290,251
291,251
292,251
208,252
209,252
210,252
211,252
212,252
213,252
214,252
215,252
216,252
217,252
218,252
219,252
220,252
221,252
222,252
223,252
224,252
225,252
226,252
227,252
228,252
229,252
230,252
231,252
232,252
233,252
234,252
235,252
236,252
237,252
238,252
239,252
244,252
245,252
246,252
247,252
248,252
249,252
250,252
251,252
252,252
253,252
254,252
255,252
256,252
257,252
263,252
264,252
265,252
266,252
267,252
268,252
284,252
285,252
286,252
287,252
288,252
289,252
290,252
291,252
292,252
293,252
208,253
209,253
210,253
211,253
212,253
213,253
214,253
215,253
216,253
217,253
218,253
219,253
220,253
221,253
222,253
223,253
224,253
225,253
226,253
227,253
228,253
229,253
230,253
231,253
232,253
233,253
234,253
235,253
236,253
237,253
238,253
239,253
244,253
245,253
246,253
247,253
248,253
249,253
250,253
251,253
252,253
253,253
254,253
255,253
256,253
257,253
258,253
263,253
264,253
265,253
266,253
267,253
268,253
270,253
271,253
272,253
273,253
274,253
275,253
276,253
277,253
278,253
279,253
280,253
281,253
282,253
285,253
286,253
287,253
288,253
289,253
290,253
291,253
292,253
293,253
294,253
208,254
209,254
210,254
211,254
212,254
213,254
214,254
215,254
216,254
217,254
218,254
219,254
220,254
221,254
222,254
223,254
224,254
225,254
226,254
227,254
228,254
229,254
230,254
231,254
232,254
233,254
234,254
235,254
236,254
237,254
238,254
239,254
244,254
245,254
246,254
247,254
248,254
249,254
250,254
251,254
252,254
253,254
254,254
255,254
256,254
257,254
263,254
264,254
265,254
266,254
267,254
268,254
270,254
271,254
272,254
273,254
274,254
275,254
276,254
277,254
278,254
279,254
280,254
281,254
282,254
286,254
287,254
288,254
289,254
290,254
291,254
292,254
293,254
294,254
295,254
208,255
209,255
210,255
211,255
212,255
213,255
214,255
215,255
216,255
217,255
218,255
219,255
220,255
221,255
222,255
223,255
224,255
225,255
226,255
227,255
228,255
229,255
230,255
231,255
232,255
233,255
234,255
235,255
236,255
237,255
238,255
239,255
244,255
245,255
246,255
247,255
248,255
249,255
250,255
251,255
252,255
253,255
254,255
255,255
256,255
257,255
263,255
264,255
265,255
266,255
267,255
268,255
270,255
271,255
281,255
282,255
287,255
288,255
289,255
290,255
291,255
292,255
293,255
294,255
295,255
296,255
209,256
211,256
212,256
217,256
218,256
220,256
235,256
236,256
237,256
238,256
239,256
244,256
245,256
246,256
247,256
248,256
252,256
253,256
254,256
255,256
256,256
257,256
263,256
264,256
265,256
266,256
267,256
268,256
270,256
271,256
273,256
274,256
275,256
276,256
277,256
278,256
279,256
281,256
282,256
284,256
285,256
288,256
289,256
290,256
291,256
292,256
293,256
294,256
295,256
296,256
297,256
209,257
211,257
212,257
214,257
215,257
217,257
218,257
220,257
223,257
224,257
225,257
226,257
227,257
228,257
229,257
230,257
231,257
232,257
233,257
235,257
236,257
237,257
238,257
239,257
244,257
245,257
246,257
247,257
248,257
252,257
253,257
254,257
255,257
256,257
257,257
263,257
264,257
265,257
266,257
267,257
268,257
270,257
271,257
273,257
274,257
275,257
276,257
277,257
278,257
279,257
281,257
282,257
284,257
285,257
286,257
289,257
290,257
291,257
292,257
293,257
294,257
295,257
296,257
297,257
298,257
209,258
211,258
212,258
214,258
215,258
217,258
218,258
220,258
223,258
224,258
225,258
226,258
227,258
228,258
229,258
230,258
231,258
232,258
233,258
235,258
236,258
237,258
238,258
239,258
244,258
245,258
246,258
247,258
248,258
252,258
253,258
254,258
255,258
256,258
257,258
263,258
264,258
265,258
266,258
267,258
268,258
270,258
271,258
273,258
274,258
275,258
276,258
278,258
279,258
281,258
282,258
284,258
285,258
286,258
287,258
290,258
291,258
292,258
293,258
294,258
295,258
296,258
297,258
298,258
209,259
211,259
212,259
214,259
215,259
217,259
218,259
220,259
223,259
224,259
225,259
226,259
227,259
228,259
229,259
230,259
231,259
232,259
233,259
235,259
236,259
237,259
238,259
239,259
244,259
245,259
246,259
247,259
248,259
263,259
264,259
265,259
266,259
267,259
268,259
270,259
271,259
273,259
274,259
275,259
276,259
278,259
279,259
281,259
282,259
284,259
285,259
286,259
287,259
288,259
291,259
292,259
293,259
294,259
295,259
296,259
297,259
298,259
209,260
211,260
212,260
214,260
215,260
217,260
218,260
220,260
223,260
224,260
225,260
226,260
230,260
231,260
232,260
233,260
235,260
236,260
237,260
238,260
239,260
244,260
245,260
246,260
247,260
248,260
263,260
264,260
265,260
266,260
267,260
268,260
270,260
271,260
273,260
274,260
275,260
276,260
278,260
279,260
281,260
282,260
284,260
285,260
286,260
287,260
288,260
289,260
292,260
293,260
294,260
295,260
296,260
297,260
298,260
209,261
211,261
212,261
214,261
215,261
217,261
218,261
220,261
223,261
224,261
225,261
226,261
230,261
231,261
232,261
233,261
235,261
236,261
237,261
238,261
239,261
240,261
241,261
242,261
243,261
244,261
245,261
246,261
247,261
248,261
263,261
264,261
265,261
266,261
267,261
268,261
270,261
271,261
272,261
273,261
274,261
275,261
276,261
278,261
279,261
281,261
282,261
283,261
284,261
285,261
286,261
287,261
288,261
289,261
290,261
292,261
293,261
294,261
295,261
296,261
297,261
298,261
209,262
211,262
212,262
214,262
215,262
217,262
218,262
220,262
223,262
224,262
225,262
226,262
230,262
231,262
232,262
233,262
235,262
236,262
237,262
238,262
239,262
240,262
241,262
242,262
243,262
244,262
245,262
246,262
247,262
248,262
263,262
264,262
265,262
266,262
267,262
270,262
271,262
272,262
273,262
274,262
275,262
276,262
278,262
279,262
281,262
282,262
283,262
284,262
285,262
286,262
287,262
288,262
289,262
290,262
292,262
293,262
294,262
295,262
296,262
297,262
298,262
211,263
212,263
214,263
215,263
217,263
218,263
223,263
224,263
225,263
226,263
230,263
231,263
232,263
233,263
235,263
236,263
237,263
238,263
239,263
240,263
241,263
242,263
243,263
244,263
245,263
246,263
247,263
248,263
264,263
265,263
266,263
270,263
271,263
272,263
273,263
274,263
275,263
276,263
278,263
279,263
281,263
282,263
283,263
284,263
285,263
286,263
287,263
288,263
289,263
290,263
292,263
293,263
294,263
295,263
296,263
297,263
298,263
208,264
209,264
210,264
211,264
212,264
213,264
214,264
215,264
216,264
217,264
218,264
219,264
220,264
221,264
222,264
223,264
224,264
225,264
226,264
227,264
228,264
229,264
230,264
231,264
232,264
233,264
235,264
236,264
237,264
238,264
239,264
240,264
241,264
242,264
243,264
244,264
245,264
246,264
247,264
248,264
265,264
278,264
279,264
289,264
290,264
292,264
293,264
294,264
295,264
296,264
297,264
298,264
208,265
209,265
210,265
211,265
212,265
213,265
214,265
215,265
216,265
217,265
218,265
219,265
220,265
221,265
222,265
223,265
224,265
225,265
226,265
227,265
228,265
229,265
230,265
231,265
232,265
233,265
235,265
236,265
237,265
238,265
239,265
240,265
241,265
242,265
243,265
244,265
245,265
246,265
247,265
248,265
254,265
255,265
256,265
257,265
258,265
259,265
260,265
261,265
262,265
265,265
268,265
269,265
270,265
271,265
272,265
273,265
274,265
276,265
277,265
278,265
279,265
280,265
281,265
282,265
283,265
284,265
285,265
286,265
287,265
289,265
290,265
292,265
293,265
294,265
295,265
296,265
297,265
298,265
208,266
209,266
210,266
211,266
212,266
213,266
214,266
215,266
216,266
217,266
218,266
219,266
220,266
221,266
222,266
223,266
224,266
225,266
226,266
227,266
228,266
229,266
230,266
231,266
232,266
233,266
235,266
236,266
237,266
238,266
239,266
240,266
241,266
242,266
243,266
244,266
245,266
246,266
247,266
248,266
254,266
255,266
256,266
257,266
258,266
259,266
260,266
262,266
265,266
268,266
269,266
270,266
271,266
272,266
273,266
274,266
276,266
277,266
278,266
279,266
280,266
281,266
282,266
283,266
284,266
285,266
286,266
287,266
289,266
290,266
292,266
293,266
294,266
295,266
296,266
297,266
298,266
229,267
230,267
231,267
235,267
236,267
237,267
238,267
239,267
240,267
241,267
242,267
243,267
244,267
245,267
246,267
247,267
248,267
254,267
255,267
256,267
257,267
258,267
259,267
260,267
261,267
262,267
265,267
268,267
269,267
270,267
272,267
273,267
274,267
276,267
277,267
278,267
279,267
280,267
281,267
282,267
283,267
284,267
285,267
286,267
287,267
289,267
290,267
292,267
293,267
294,267
295,267
296,267
297,267
298,267
201,268
202,268
203,268
204,268
205,268
206,268
207,268
208,268
209,268
210,268
211,268
212,268
213,268
214,268
215,268
216,268
217,268
218,268
219,268
220,268
221,268
222,268
223,268
224,268
225,268
226,268
227,268
228,268
229,268
230,268
231,268
235,268
236,268
237,268
238,268
239,268
240,268
241,268
242,268
243,268
244,268
245,268
246,268
247,268
248,268
254,268
255,268
261,268
262,268
265,268
268,268
269,268
270,268
271,268
272,268
273,268
274,268
276,268
277,268
278,268
279,268
280,268
281,268
282,268
283,268
284,268
285,268
286,268
287,268
289,268
290,268
292,268
293,268
294,268
295,268
296,268
297,268
298,268
201,269
202,269
203,269
204,269
205,269
206,269
207,269
208,269
209,269
210,269
211,269
212,269
213,269
214,269
215,269
216,269
217,269
218,269
219,269
220,269
221,269
222,269
223,269
224,269
225,269
226,269
227,269
228,269
229,269
230,269
231,269
254,269
255,269
262,269
263,269
264,269
265,269
266,269
267,269
268,269
269,269
270,269
271,269
272,269
273,269
274,269
286,269
287,269
289,269
290,269
292,269
293,269
294,269
295,269
296,269
297,269
298,269
202,270
216,270
230,270
254,270
255,270
262,270
263,270
264,270
265,270
266,270
267,270
268,270
269,270
270,270
273,270
274,270
276,270
278,270
286,270
287,270
289,270
290,270
292,270
293,270
294,270
295,270
296,270
297,270
298,270
201,271
202,271
203,271
204,271
205,271
206,271
207,271
208,271
209,271
210,271
211,271
212,271
213,271
214,271
215,271
216,271
217,271
218,271
219,271
220,271
221,271
222,271
223,271
224,271
225,271
226,271
227,271
228,271
229,271
230,271
231,271
254,271
255,271
262,271
263,271
264,271
265,271
266,271
267,271
268,271
269,271
270,271
272,271
273,271
274,271
276,271
277,271
278,271
285,271
286,271
287,271
289,271
290,271
292,271
293,271
294,271
295,271
296,271
297,271
298,271
201,272
202,272
203,272
204,272
205,272
206,272
207,272
208,272
209,272
210,272
211,272
212,272
213,272
214,272
215,272
216,272
217,272
218,272
219,272
220,272
221,272
222,272
223,272
224,272
225,272
226,272
227,272
228,272
229,272
230,272
231,272
235,272
236,272
237,272
238,272
239,272
240,272
243,272
244,272
245,272
246,272
247,272
254,272
255,272
256,272
262,272
263,272
264,272
265,272
266,272
267,272
271,272
272,272
273,272
274,272
276,272
277,272
278,272
284,272
285,272
286,272
287,272
289,272
290,272
292,272
293,272
294,272
295,272
296,272
297,272
298,272
201,273
202,273
203,273
204,273
235,273
236,273
237,273
238,273
239,273
240,273
243,273
244,273
245,273
246,273
247,273
248,273
249,273
250,273
251,273
252,273
253,273
254,273
255,273
256,273
257,273
258,273
260,273
261,273
262,273
263,273
264,273
265,273
266,273
267,273
272,273
273,273
274,273
276,273
277,273
278,273
283,273
284,273
285,273
286,273
287,273
289,273
290,273
291,273
292,273
293,273
294,273
295,273
296,273
297,273
298,273
201,274
202,274
203,274
204,274
235,274
236,274
237,274
238,274
239,274
240,274
241,274
242,274
243,274
244,274
245,274
246,274
247,274
248,274
249,274
250,274
251,274
252,274
253,274
254,274
255,274
256,274
257,274
258,274
259,274
260,274
261,274
262,274
263,274
264,274
265,274
266,274
267,274
272,274
273,274
274,274
276,274
277,274
278,274
282,274
283,274
284,274
285,274
289,274
290,274
291,274
292,274
293,274
294,274
295,274
296,274
297,274
298,274
201,275
202,275
203,275
204,275
235,275
236,275
237,275
238,275
239,275
240,275
243,275
244,275
245,275
246,275
247,275
248,275
249,275
250,275
251,275
252,275
253,275
254,275
255,275
256,275
257,275
258,275
259,275
260,275
262,275
263,275
264,275
265,275
266,275
267,275
272,275
273,275
274,275
276,275
277,275
278,275
281,275
282,275
283,275
284,275
287,275
289,275
290,275
291,275
292,275
293,275
294,275
295,275
296,275
297,275
298,275
201,276
202,276
203,276
204,276
235,276
236,276
237,276
238,276
239,276
240,276
254,276
255,276
256,276
257,276
258,276
259,276
260,276
261,276
262,276
263,276
264,276
265,276
266,276
267,276
273,276
274,276
276,276
277,276
278,276
280,276
281,276
282,276
283,276
286,276
287,276
289,276
290,276
292,276
293,276
294,276
295,276
296,276
297,276
298,276
201,277
202,277
203,277
204,277
217,277
218,277
219,277
220,277
221,277
222,277
223,277
224,277
225,277
235,277
236,277
237,277
238,277
239,277
240,277
243,277
244,277
245,277
246,277
247,277
254,277
255,277
257,277
258,277
259,277
260,277
261,277
262,277
263,277
264,277
265,277
266,277
267,277
268,277
273,277
274,277
276,277
277,277
278,277
280,277
281,277
282,277
285,277
286,277
287,277
289,277
290,277
292,277
293,277
294,277
295,277
296,277
297,277
298,277
201,278
202,278
203,278
204,278
206,278
207,278
208,278
209,278
210,278
211,278
217,278
218,278
219,278
220,278
221,278
222,278
223,278
224,278
225,278
235,278
236,278
237,278
238,278
239,278
240,278
241,278
242,278
243,278
244,278
245,278
246,278
247,278
255,278
256,278
257,278
258,278
259,278
260,278
261,278
262,278
263,278
264,278
265,278
266,278
267,278
268,278
269,278
270,278
271,278
272,278
273,278
274,278
276,278
277,278
278,278
280,278
281,278
284,278
285,278
286,278
287,278
289,278
290,278
292,278
293,278
294,278
295,278
296,278
297,278
298,278
201,279
202,279
203,279
204,279
206,279
207,279
208,279
209,279
210,279
211,279
217,279
218,279
219,279
220,279
221,279
222,279
223,279
224,279
225,279
235,279
236,279
237,279
238,279
239,279
240,279
243,279
244,279
245,279
246,279
247,279
254,279
255,279
260,279
261,279
262,279
263,279
264,279
265,279
266,279
267,279
268,279
269,279
270,279
271,279
272,279
273,279
274,279
276,279
277,279
278,279
280,279
281,279
282,279
283,279
284,279
285,279
286,279
287,279
289,279
290,279
292,279
293,279
294,279
295,279
296,279
297,279
298,279
201,280
202,280
203,280
204,280
206,280
207,280
208,280
209,280
210,280
211,280
217,280
218,280
219,280
220,280
221,280
222,280
223,280
224,280
225,280
243,280
244,280
245,280
246,280
247,280
254,280
255,280
260,280
261,280
262,280
265,280
268,280
269,280
270,280
271,280
272,280
273,280
274,280
276,280
277,280
278,280
280,280
281,280
282,280
283,280
284,280
285,280
286,280
287,280
289,280
290,280
292,280
293,280
294,280
295,280
296,280
297,280
298,280
201,281
202,281
203,281
204,281
206,281
207,281
208,281
209,281
210,281
211,281
212,281
213,281
214,281
215,281
216,281
217,281
218,281
219,281
223,281
224,281
225,281
226,281
227,281
228,281
229,281
230,281
231,281
232,281
233,281
234,281
235,281
236,281
237,281
238,281
239,281
240,281
243,281
244,281
245,281
246,281
247,281
254,281
255,281
260,281
261,281
262,281
265,281
268,281
269,281
270,281
271,281
272,281
273,281
274,281
276,281
277,281
278,281
280,281
281,281
282,281
283,281
284,281
286,281
287,281
289,281
290,281
292,281
293,281
294,281
295,281
296,281
297,281
298,281
201,282
202,282
203,282
204,282
206,282
207,282
208,282
209,282
210,282
211,282
212,282
213,282
214,282
215,282
216,282
217,282
218,282
219,282
223,282
224,282
225,282
226,282
227,282
228,282
229,282
230,282
231,282
232,282
233,282
234,282
235,282
236,282
237,282
238,282
239,282
240,282
243,282
244,282
245,282
246,282
247,282
254,282
255,282
256,282
257,282
258,282
259,282
260,282
261,282
262,282
265,282
268,282
269,282
270,282
271,282
272,282
273,282
274,282
276,282
277,282
278,282
280,282
281,282
282,282
283,282
284,282
286,282
287,282
289,282
290,282
292,282
293,282
294,282
295,282
296,282
297,282
298,282
201,283
202,283
203,283
204,283
206,283
207,283
208,283
209,283
210,283
211,283
212,283
213,283
214,283
215,283
216,283
217,283
218,283
219,283
223,283
224,283
225,283
226,283
227,283
228,283
229,283
230,283
231,283
232,283
233,283
234,283
235,283
236,283
237,283
238,283
239,283
240,283
241,283
242,283
243,283
244,283
245,283
246,283
247,283
254,283
255,283
256,283
257,283
258,283
259,283
260,283
261,283
262,283
265,283
268,283
269,283
270,283
271,283
272,283
273,283
274,283
276,283
277,283
278,283
280,283
281,283
282,283
283,283
284,283
286,283
287,283
289,283
290,283
292,283
293,283
294,283
295,283
296,283
297,283
298,283
201,284
202,284
203,284
204,284
206,284
207,284
208,284
209,284
210,284
211,284
217,284
218,284
219,284
220,284
221,284
222,284
223,284
224,284
225,284
235,284
236,284
237,284
238,284
239,284
240,284
243,284
244,284
245,284
246,284
247,284
265,284
276,284
277,284
278,284
280,284
281,284
282,284
283,284
284,284
286,284
287,284
289,284
290,284
292,284
293,284
294,284
295,284
296,284
297,284
298,284
201,285
202,285
203,285
204,285
206,285
207,285
208,285
209,285
210,285
211,285
217,285
218,285
219,285
220,285
221,285
222,285
223,285
224,285
225,285
235,285
236,285
237,285
238,285
239,285
240,285
243,285
244,285
245,285
246,285
247,285
264,285
265,285
266,285
273,285
274,285
275,285
276,285
277,285
278,285
280,285
281,285
282,285
283,285
284,285
286,285
287,285
289,285
290,285
292,285
293,285
294,285
295,285
296,285
297,285
298,285
201,286
202,286
203,286
204,286
206,286
207,286
208,286
209,286
210,286
211,286
217,286
218,286
219,286
220,286
221,286
222,286
223,286
224,286
225,286
263,286
264,286
265,286
266,286
267,286
273,286
274,286
275,286
276,286
277,286
278,286
286,286
287,286
289,286
290,286
292,286
293,286
294,286
295,286
296,286
297,286
298,286
201,287
202,287
203,287
204,287
206,287
207,287
208,287
217,287
218,287
219,287
220,287
221,287
222,287
223,287
224,287
225,287
263,287
264,287
265,287
266,287
267,287
268,287
273,287
274,287
275,287
276,287
277,287
278,287
279,287
280,287
281,287
282,287
283,287
286,287
287,287
289,287
292,287
293,287
294,287
295,287
296,287
297,287
298,287
201,288
202,288
203,288
204,288
206,288
207,288
208,288
263,288
264,288
265,288
266,288
267,288
268,288
273,288
274,288
275,288
276,288
277,288
278,288
279,288
280,288
281,288
282,288
285,288
286,288
287,288
291,288
292,288
293,288
294,288
295,288
296,288
297,288
298,288
201,289
202,289
203,289
204,289
206,289
207,289
208,289
240,289
241,289
242,289
243,289
244,289
245,289
246,289
247,289
248,289
249,289
250,289
251,289
252,289
253,289
254,289
255,289
256,289
257,289
258,289
263,289
264,289
265,289
266,289
267,289
268,289
273,289
274,289
275,289
276,289
277,289
278,289
279,289
280,289
281,289
284,289
285,289
286,289
287,289
290,289
291,289
292,289
293,289
294,289
295,289
296,289
297,289
298,289
201,290
202,290
203,290
204,290
206,290
207,290
208,290
240,290
241,290
242,290
243,290
249,290
255,290
256,290
257,290
258,290
263,290
264,290
265,290
266,290
267,290
268,290
273,290
274,290
275,290
276,290
277,290
278,290
279,290
280,290
283,290
284,290
285,290
286,290
289,290
290,290
291,290
292,290
293,290
294,290
295,290
296,290
297,290
298,290
201,291
202,291
203,291
204,291
206,291
207,291
208,291
240,291
241,291
242,291
243,291
249,291
255,291
256,291
257,291
258,291
263,291
264,291
265,291
266,291
267,291
268,291
273,291
274,291
275,291
276,291
277,291
278,291
279,291
282,291
283,291
284,291
285,291
288,291
289,291
290,291
291,291
292,291
293,291
294,291
295,291
296,291
297,291
201,292
202,292
203,292
204,292
206,292
207,292
208,292
209,292
210,292
211,292
230,292
232,292
234,292
235,292
236,292
240,292
241,292
242,292
243,292
249,292
255,292
256,292
257,292
258,292
263,292
264,292
265,292
266,292
267,292
268,292
273,292
274,292
275,292
276,292
277,292
278,292
281,292
282,292
283,292
284,292
287,292
288,292
289,292
290,292
291,292
292,292
293,292
294,292
295,292
296,292
201,293
202,293
203,293
204,293
206,293
207,293
208,293
209,293
210,293
211,293
230,293
231,293
232,293
234,293
235,293
236,293
240,293
241,293
242,293
243,293
248,293
249,293
250,293
255,293
256,293
257,293
258,293
263,293
264,293
265,293
266,293
267,293
268,293
273,293
274,293
275,293
280,293
281,293
282,293
283,293
286,293
287,293
288,293
289,293
290,293
291,293
292,293
293,293
294,293
295,293
201,294
202,294
203,294
204,294
206,294
207,294
208,294
209,294
210,294
211,294
230,294
231,294
232,294
234,294
235,294
236,294
240,294
241,294
242,294
243,294
248,294
250,294
255,294
256,294
257,294
258,294
263,294
264,294
265,294
266,294
267,294
268,294
270,294
271,294
272,294
273,294
274,294
275,294
276,294
277,294
278,294
279,294
280,294
281,294
282,294
285,294
286,294
287,294
288,294
289,294
290,294
291,294
292,294
293,294
294,294
201,295
202,295
203,295
204,295
206,295
207,295
208,295
209,295
210,295
211,295
212,295
213,295
214,295
215,295
216,295
217,295
218,295
219,295
220,295
221,295
222,295
223,295
224,295
225,295
226,295
231,295
234,295
235,295
236,295
240,295
241,295
242,295
243,295
255,295
256,295
257,295
258,295
263,295
264,295
265,295
266,295
267,295
268,295
270,295
271,295
272,295
273,295
274,295
275,295
276,295
277,295
278,295
279,295
280,295
281,295
284,295
285,295
286,295
287,295
288,295
289,295
290,295
291,295
292,295
293,295
123,296
124,296
125,296
126,296
127,296
128,296
129,296
130,296
131,296
132,296
140,296
141,296
142,296
143,296
144,296
145,296
146,296
153,296
154,296
155,296
156,296
157,296
158,296
159,296
160,296
161,296
162,296
164,296
165,296
166,296
167,296
168,296
169,296
170,296
171,296
172,296
173,296
174,296
175,296
177,296
178,296
179,296
180,296
181,296
182,296
183,296
184,296
185,296
186,296
187,296
188,296
189,296
190,296
191,296
201,296
202,296
203,296
204,296
206,296
207,296
208,296
209,296
210,296
211,296
212,296
213,296
214,296
215,296
216,296
217,296
218,296
219,296
220,296
221,296
222,296
223,296
224,296
225,296
226,296
230,296
231,296
232,296
233,296
234,296
235,296
236,296
240,296
241,296
242,296
243,296
255,296
256,296
257,296
258,296
263,296
264,296
265,296
266,296
267,296
268,296
283,296
284,296
285,296
286,296
287,296
288,296
289,296
290,296
291,296
292,296
105,297
106,297
107,297
113,297
114,297
115,297
116,297
121,297
122,297
123,297
124,297
125,297
126,297
127,297
128,297
129,297
130,297
131,297
132,297
133,297
139,297
140,297
141,297
142,297
143,297
144,297
145,297
146,297
147,297
152,297
153,297
154,297
155,297
156,297
157,297
158,297
159,297
160,297
161,297
162,297
163,297
164,297
165,297
166,297
167,297
168,297
169,297
170,297
171,297
172,297
173,297
174,297
175,297
176,297
177,297
178,297
179,297
180,297
181,297
182,297
183,297
184,297
185,297
186,297
187,297
188,297
189,297
190,297
191,297
192,297
201,297
202,297
203,297
204,297
206,297
207,297
208,297
209,297
210,297
211,297
212,297
213,297
214,297
215,297
216,297
217,297
218,297
219,297
220,297
221,297
222,297
223,297
224,297
225,297
226,297
230,297
231,297
232,297
233,297
234,297
235,297
236,297
240,297
241,297
242,297
243,297
244,297
245,297
246,297
247,297
248,297
249,297
250,297
251,297
252,297
253,297
254,297
255,297
256,297
257,297
258,297
263,297
264,297
265,297
266,297
267,297
268,297
269,297
270,297
271,297
272,297
273,297
274,297
275,297
276,297
277,297
278,297
279,297
280,297
281,297
282,297
283,297
284,297
285,297
286,297
287,297
288,297
289,297
290,297
291,297
104,298
105,298
106,298
107,298
108,298
109,298
110,298
111,298
112,298
113,298
114,298
115,298
116,298
117,298
118,298
119,298
120,298
121,298
122,298
123,298
124,298
125,298
126,298
127,298
128,298
129,298
130,298
131,298
132,298
133,298
134,298
138,298
139,298
140,298
141,298
142,298
143,298
144,298
145,298
146,298
147,298
148,298
153,298
154,298
155,298
156,298
157,298
158,298
159,298
160,298
161,298
162,298
163,298
164,298
165,298
166,298
167,298
168,298
169,298
170,298
171,298
172,298
173,298
174,298
175,298
176,298
177,298
178,298
179,298
180,298
181,298
182,298
183,298
184,298
185,298
186,298
187,298
188,298
189,298
190,298
191,298
192,298
201,298
202,298
203,298
204,298
206,298
207,298
208,298
209,298
210,298
211,298
230,298
231,298
232,298
234,298
235,298
236,298
240,298
241,298
242,298
243,298
244,298
245,298
246,298
247,298
248,298
249,298
250,298
251,298
252,298
253,298
254,298
255,298
256,298
257,298
258,298
263,298
264,298
265,298
266,298
267,298
268,298
269,298
270,298
271,298
272,298
273,298
274,298
275,298
276,298
277,298
278,298
279,298
280,298
281,298
282,298
283,298
284,298
285,298
286,298
287,298
288,298
289,298
290,298
104,299
105,299
106,299
107,299
108,299
109,299
110,299
111,299
112,299
113,299
114,299
115,299
116,299
117,299
118,299
119,299
120,299
121,299
122,299
123,299
124,299
125,299
126,299
127,299
128,299
129,299
130,299
131,299
132,299
133,299
134,299
138,299
139,299
140,299
141,299
142,299
143,299
144,299
145,299
146,299
147,299
148,299
152,299
153,299
154,299
156,299
157,299
158,299
159,299
160,299
161,299
162,299
163,299
164,299
165,299
166,299
167,299
168,299
169,299
170,299
171,299
172,299
173,299
174,299
175,299
176,299
177,299
178,299
179,299
180,299
181,299
182,299
183,299
184,299
185,299
186,299
187,299
188,299
189,299
190,299
191,299
192,299
201,299
202,299
203,299
204,299
206,299
207,299
208,299
209,299
210,299
211,299
230,299
231,299
232,299
233,299
234,299
235,299
236,299
240,299
241,299
242,299
243,299
244,299
245,299
246,299
247,299
248,299
249,299
250,299
251,299
252,299
253,299
254,299
255,299
256,299
257,299
258,299
263,299
264,299
265,299
266,299
267,299
268,299
269,299
270,299
271,299
272,299
273,299
274,299
275,299
276,299
277,299
278,299
279,299
280,299
281,299
282,299
283,299
284,299
285,299
286,299
287,299
288,299
289,299
104,300
105,300
106,300
107,300
108,300
109,300
110,300
111,300
112,300
113,300
114,300
115,300
116,300
117,300
118,300
119,300
120,300
121,300
122,300
123,300
124,300
125,300
126,300
130,300
131,300
132,300
133,300
134,300
138,300
139,300
140,300
141,300
143,300
145,300
146,300
147,300
148,300
153,300
154,300
155,300
156,300
157,300
158,300
159,300
160,300
161,300
162,300
163,300
164,300
165,300
166,300
167,300
168,300
169,300
170,300
171,300
172,300
173,300
174,300
175,300
176,300
177,300
178,300
179,300
180,300
181,300
182,300
183,300
184,300
185,300
186,300
187,300
188,300
189,300
190,300
191,300
192,300
201,300
202,300
203,300
204,300
206,300
207,300
208,300
209,300
210,300
211,300
230,300
231,300
232,300
233,300
234,300
235,300
236,300
240,300
241,300
242,300
243,300
244,300
245,300
246,300
247,300
248,300
249,300
250,300
251,300
252,300
253,300
254,300
255,300
256,300
257,300
258,300
263,300
264,300
265,300
266,300
267,300
268,300
269,300
270,300
271,300
272,300
273,300
274,300
275,300
276,300
277,300
278,300
279,300
280,300
281,300
282,300
283,300
284,300
285,300
286,300
287,300
288,300
104,301
105,301
106,301
107,301
108,301
109,301
110,301
111,301
112,301
113,301
114,301
115,301
116,301
117,301
118,301
119,301
120,301
121,301
122,301
123,301
124,301
125,301
126,301
130,301
131,301
132,301
133,301
134,301
138,301
139,301
140,301
141,301
145,301
146,301
147,301
148,301
152,301
153,301
154,301
155,301
156,301
157,301
158,301
168,301
169,301
170,301
171,301
172,301
187,301
188,301
189,301
190,301
191,301
192,301
201,301
202,301
203,301
204,301
216,301
217,301
218,301
219,301
220,301
221,301
222,301
223,301
224,301
225,301
248,301
249,301
250,301
104,302
105,302
106,302
107,302
108,302
109,302
110,302
111,302
112,302
113,302
114,302
115,302
116,302
117,302
118,302
119,302
120,302
121,302
122,302
123,302
124,302
125,302
126,302
130,302
131,302
132,302
133,302
134,302
138,302
139,302
140,302
141,302
145,302
146,302
147,302
148,302
153,302
154,302
157,302
168,302
169,302
170,302
171,302
172,302
187,302
188,302
189,302
190,302
191,302
192,302
201,302
202,302
203,302
204,302
216,302
217,302
218,302
219,302
220,302
221,302
222,302
223,302
224,302
225,302
248,302
249,302
250,302
105,303
106,303
107,303
108,303
109,303
110,303
111,303
112,303
113,303
114,303
115,303
116,303
121,303
122,303
123,303
124,303
125,303
126,303
127,303
128,303
129,303
130,303
131,303
132,303
133,303
134,303
138,303
139,303
140,303
141,303
142,303
143,303
144,303
145,303
146,303
147,303
148,303
168,303
169,303
170,303
171,303
172,303
187,303
188,303
189,303
190,303
191,303
192,303
201,303
202,303
203,303
204,303
216,303
217,303
218,303
223,303
224,303
225,303
248,303
249,303
250,303
107,304
108,304
109,304
110,304
111,304
121,304
122,304
123,304
124,304
125,304
126,304
127,304
128,304
129,304
130,304
131,304
132,304
133,304
134,304
138,304
139,304
140,304
141,304
142,304
143,304
144,304
145,304
146,304
147,304
148,304
164,304
165,304
166,304
167,304
168,304
169,304
170,304
171,304
172,304
173,304
174,304
175,304
176,304
182,304
183,304
184,304
185,304
186,304
187,304
188,304
189,304
190,304
191,304
192,304
193,304
194,304
195,304
196,304
197,304
201,304
202,304
203,304
204,304
216,304
217,304
218,304
223,304
224,304
225,304
248,304
249,304
250,304
107,305
108,305
109,305
110,305
111,305
122,305
123,305
124,305
125,305
126,305
127,305
128,305
129,305
130,305
131,305
132,305
133,305
139,305
140,305
141,305
142,305
143,305
144,305
145,305
146,305
147,305
163,305
164,305
165,305
166,305
167,305
168,305
169,305
170,305
171,305
172,305
173,305
174,305
175,305
176,305
177,305
181,305
182,305
183,305
184,305
185,305
186,305
187,305
188,305
189,305
190,305
191,305
192,305
193,305
194,305
195,305
196,305
197,305
198,305
201,305
202,305
203,305
204,305
205,305
206,305
207,305
208,305
209,305
210,305
211,305
212,305
216,305
217,305
218,305
223,305
224,305
225,305
229,305
230,305
231,305
232,305
233,305
234,305
235,305
236,305
237,305
248,305
249,305
250,305
255,305
256,305
257,305
258,305
259,305
107,306
108,306
109,306
110,306
111,306
122,306
123,306
124,306
125,306
126,306
127,306
128,306
129,306
130,306
131,306
132,306
133,306
140,306
141,306
142,306
143,306
144,306
145,306
146,306
151,306
152,306
153,306
157,306
158,306
163,306
164,306
165,306
166,306
167,306
168,306
169,306
170,306
171,306
172,306
173,306
174,306
175,306
176,306
177,306
181,306
182,306
183,306
184,306
185,306
186,306
187,306
188,306
189,306
190,306
191,306
192,306
193,306
194,306
195,306
196,306
197,306
198,306
201,306
202,306
203,306
204,306
205,306
206,306
207,306
208,306
209,306
210,306
211,306
212,306
216,306
217,306
218,306
223,306
224,306
225,306
229,306
230,306
231,306
232,306
233,306
234,306
235,306
236,306
237,306
248,306
249,306
250,306
255,306
256,306
257,306
258,306
259,306
261,306
262,306
263,306
264,306
265,306
266,306
267,306
268,306
269,306
270,306
271,306
273,306
274,306
275,306
276,306
277,306
278,306
279,306
280,306
281,306
282,306
283,306
285,306
286,306
287,306
288,306
289,306
290,306
291,306
292,306
293,306
294,306
295,306
105,307
106,307
107,307
108,307
109,307
110,307
111,307
112,307
113,307
122,307
123,307
124,307
125,307
126,307
127,307
128,307
129,307
130,307
131,307
132,307
143,307
150,307
151,307
152,307
153,307
154,307
155,307
156,307
157,307
158,307
159,307
163,307
164,307
165,307
166,307
167,307
168,307
169,307
170,307
171,307
172,307
173,307
174,307
175,307
176,307
177,307
181,307
182,307
183,307
184,307
185,307
186,307
187,307
188,307
189,307
190,307
191,307
192,307
193,307
194,307
195,307
196,307
197,307
198,307
201,307
202,307
203,307
204,307
205,307
206,307
207,307
208,307
209,307
210,307
211,307
212,307
216,307
217,307
218,307
223,307
224,307
225,307
229,307
230,307
231,307
232,307
233,307
234,307
235,307
236,307
237,307
248,307
249,307
250,307
255,307
256,307
257,307
258,307
259,307
261,307
262,307
263,307
264,307
265,307
266,307
267,307
268,307
269,307
270,307
271,307
273,307
274,307
275,307
276,307
277,307
278,307
279,307
280,307
281,307
282,307
283,307
285,307
286,307
287,307
288,307
289,307
290,307
291,307
292,307
293,307
294,307
295,307
102,308
103,308
104,308
105,308
106,308
107,308
108,308
109,308
110,308
111,308
112,308
113,308
114,308
124,308
125,308
126,308
127,308
128,308
141,308
142,308
143,308
144,308
145,308
150,308
151,308
152,308
153,308
154,308
155,308
156,308
157,308
158,308
159,308
164,308
165,308
174,308
175,308
176,308
181,308
182,308
183,308
184,308
195,308
196,308
197,308
198,308
201,308
202,308
203,308
210,308
211,308
212,308
213,308
214,308
215,308
216,308
217,308
218,308
223,308
224,308
225,308
226,308
227,308
228,308
229,308
230,308
231,308
232,308
233,308
234,308
235,308
236,308
237,308
238,308
239,308
240,308
241,308
242,308
243,308
244,308
245,308
246,308
247,308
248,308
249,308
250,308
255,308
256,308
257,308
258,308
259,308
261,308
262,308
263,308
264,308
265,308
266,308
267,308
268,308
269,308
270,308
271,308
273,308
274,308
275,308
276,308
277,308
278,308
279,308
280,308
281,308
282,308
283,308
285,308
286,308
287,308
288,308
289,308
290,308
291,308
292,308
293,308
294,308
295,308
101,309
102,309
103,309
104,309
105,309
106,309
107,309
108,309
109,309
110,309
111,309
112,309
113,309
124,309
125,309
126,309
127,309
128,309
141,309
142,309
143,309
144,309
145,309
151,309
152,309
153,309
156,309
157,309
158,309
159,309
181,309
182,309
183,309
184,309
195,309
196,309
197,309
201,309
202,309
203,309
210,309
211,309
212,309
213,309
214,309
215,309
216,309
217,309
218,309
223,309
224,309
225,309
226,309
227,309
228,309
229,309
230,309
231,309
232,309
233,309
234,309
235,309
236,309
237,309
238,309
239,309
240,309
241,309
242,309
243,309
244,309
245,309
246,309
247,309
248,309
249,309
250,309
255,309
256,309
257,309
258,309
259,309
261,309
262,309
263,309
264,309
265,309
266,309
267,309
268,309
269,309
270,309
271,309
273,309
274,309
275,309
276,309
277,309
278,309
279,309
280,309
281,309
282,309
283,309
285,309
286,309
287,309
288,309
289,309
290,309
291,309
292,309
293,309
294,309
295,309
101,310
102,310
103,310
104,310
105,310
106,310
107,310
108,310
109,310
110,310
111,310
112,310
113,310
124,310
125,310
126,310
127,310
128,310
139,310
140,310
141,310
142,310
143,310
144,310
145,310
146,310
147,310
151,310
152,310
153,310
156,310
157,310
158,310
159,310
181,310
182,310
183,310
184,310
185,310
186,310
187,310
188,310
189,310
190,310
191,310
192,310
193,310
194,310
195,310
196,310
197,310
201,310
202,310
203,310
210,310
211,310
212,310
213,310
214,310
215,310
216,310
217,310
218,310
223,310
224,310
225,310
226,310
227,310
228,310
229,310
230,310
231,310
232,310
233,310
234,310
235,310
236,310
237,310
238,310
239,310
240,310
241,310
242,310
243,310
244,310
245,310
246,310
247,310
248,310
249,310
250,310
255,310
256,310
257,310
258,310
259,310
261,310
262,310
263,310
264,310
265,310
266,310
267,310
268,310
269,310
270,310
271,310
273,310
274,310
275,310
276,310
277,310
278,310
279,310
280,310
281,310
282,310
283,310
285,310
286,310
287,310
288,310
289,310
290,310
291,310
292,310
293,310
294,310
295,310
101,311
102,311
103,311
104,311
105,311
106,311
107,311
108,311
109,311
110,311
111,311
112,311
113,311
123,311
124,311
125,311
126,311
127,311
128,311
129,311
136,311
137,311
138,311
139,311
140,311
141,311
142,311
143,311
144,311
145,311
146,311
147,311
148,311
150,311
151,311
152,311
153,311
156,311
157,311
158,311
159,311
181,311
182,311
183,311
184,311
185,311
186,311
187,311
188,311
189,311
190,311
191,311
192,311
193,311
194,311
195,311
196,311
197,311
201,311
202,311
203,311
204,311
205,311
206,311
207,311
208,311
209,311
210,311
211,311
212,311
229,311
230,311
231,311
232,311
233,311
234,311
235,311
236,311
237,311
255,311
256,311
257,311
258,311
259,311
261,311
262,311
263,311
264,311
265,311
267,311
268,311
269,311
270,311
271,311
273,311
274,311
275,311
276,311
277,311
279,311
280,311
281,311
282,311
283,311
285,311
286,311
287,311
288,311
289,311
291,311
292,311
293,311
294,311
295,311
101,312
102,312
103,312
104,312
105,312
106,312
107,312
108,312
109,312
110,312
111,312
112,312
113,312
119,312
120,312
121,312
122,312
123,312
124,312
125,312
126,312
127,312
128,312
129,312
130,312
131,312
132,312
136,312
137,312
138,312
139,312
140,312
141,312
142,312
143,312
144,312
145,312
146,312
147,312
148,312
150,312
151,312
152,312
153,312
156,312
157,312
158,312
159,312
181,312
182,312
183,312
184,312
195,312
196,312
197,312
201,312
202,312
203,312
204,312
205,312
206,312
207,312
208,312
209,312
210,312
211,312
212,312
229,312
230,312
231,312
232,312
233,312
234,312
235,312
236,312
237,312
255,312
256,312
257,312
258,312
259,312
261,312
262,312
263,312
264,312
265,312
267,312
268,312
269,312
270,312
271,312
273,312
274,312
275,312
276,312
277,312
279,312
280,312
281,312
282,312
283,312
285,312
286,312
287,312
288,312
289,312
291,312
292,312
293,312
294,312
295,312
102,313
103,313
104,313
105,313
106,313
107,313
108,313
109,313
110,313
111,313
112,313
113,313
114,313
119,313
120,313
121,313
122,313
123,313
124,313
125,313
126,313
127,313
128,313
129,313
130,313
131,313
132,313
133,313
134,313
135,313
136,313
137,313
138,313
139,313
140,313
141,313
142,313
143,313
144,313
145,313
146,313
147,313
148,313
150,313
151,313
152,313
153,313
156,313
157,313
158,313
159,313
173,313
174,313
175,313
176,313
177,313
178,313
179,313
181,313
182,313
183,313
184,313
195,313
196,313
197,313
201,313
202,313
203,313
204,313
205,313
206,313
207,313
208,313
209,313
210,313
211,313
212,313
229,313
230,313
231,313
232,313
233,313
234,313
235,313
236,313
237,313
255,313
256,313
257,313
258,313
259,313
261,313
262,313
263,313
264,313
265,313
267,313
268,313
269,313
270,313
271,313
273,313
274,313
275,313
276,313
277,313
279,313
280,313
281,313
282,313
283,313
285,313
286,313
287,313
288,313
289,313
291,313
292,313
293,313
294,313
295,313
103,314
104,314
105,314
106,314
107,314
108,314
109,314
110,314
111,314
112,314
113,314
118,314
119,314
120,314
121,314
122,314
123,314
124,314
125,314
126,314
127,314
128,314
129,314
130,314
131,314
132,314
133,314
134,314
135,314
136,314
137,314
138,314
139,314
140,314
141,314
142,314
143,314
144,314
145,314
146,314
147,314
148,314
151,314
152,314
153,314
156,314
157,314
158,314
159,314
173,314
174,314
175,314
176,314
177,314
178,314
181,314
182,314
183,314
184,314
185,314
186,314
187,314
188,314
189,314
190,314
191,314
192,314
193,314
194,314
195,314
196,314
197,314
198,314
218,314
219,314
220,314
221,314
222,314
255,314
256,314
257,314
258,314
259,314
261,314
262,314
263,314
264,314
265,314
267,314
268,314
269,314
270,314
271,314
273,314
274,314
275,314
276,314
277,314
279,314
280,314
281,314
282,314
283,314
285,314
286,314
287,314
288,314
289,314
291,314
292,314
293,314
294,314
295,314
105,315
106,315
107,315
108,315
109,315
118,315
119,315
120,315
121,315
122,315
123,315
124,315
125,315
126,315
127,315
128,315
129,315
130,315
131,315
132,315
133,315
134,315
135,315
136,315
137,315
138,315
139,315
140,315
144,315
145,315
146,315
147,315
148,315
151,315
152,315
153,315
156,315
157,315
158,315
159,315
160,315
161,315
162,315
163,315
164,315
165,315
168,315
169,315
170,315
171,315
172,315
173,315
174,315
175,315
176,315
177,315
178,315
181,315
182,315
183,315
184,315
185,315
186,315
187,315
188,315
189,315
190,315
191,315
192,315
193,315
194,315
195,315
196,315
197,315
198,315
217,315
218,315
219,315
220,315
221,315
222,315
223,315
255,315
256,315
257,315
258,315
259,315
261,315
262,315
263,315
264,315
265,315
267,315
268,315
269,315
270,315
271,315
273,315
274,315
275,315
276,315
277,315
279,315
280,315
281,315
282,315
283,315
285,315
286,315
287,315
288,315
289,315
291,315
292,315
293,315
294,315
295,315
105,316
106,316
107,316
108,316
109,316
118,316
119,316
120,316
121,316
122,316
123,316
124,316
125,316
126,316
127,316
128,316
129,316
130,316
131,316
132,316
133,316
134,316
135,316
136,316
137,316
138,316
139,316
140,316
144,316
145,316
146,316
147,316
148,316
151,316
152,316
153,316
156,316
157,316
158,316
159,316
160,316
161,316
162,316
163,316
164,316
165,316
166,316
167,316
168,316
169,316
170,316
171,316
172,316
173,316
174,316
175,316
176,316
177,316
178,316
182,316
183,316
184,316
195,316
196,316
197,316
198,316
216,316
217,316
218,316
219,316
220,316
221,316
222,316
223,316
224,316
255,316
256,316
257,316
258,316
259,316
260,316
261,316
262,316
263,316
264,316
265,316
267,316
268,316
269,316
270,316
271,316
272,316
273,316
274,316
275,316
276,316
277,316
279,316
280,316
281,316
282,316
283,316
284,316
285,316
286,316
287,316
288,316
289,316
291,316
292,316
293,316
294,316
295,316
105,317
106,317
107,317
108,317
109,317
118,317
119,317
120,317
121,317
122,317
123,317
124,317
125,317
126,317
127,317
128,317
129,317
130,317
131,317
132,317
133,317
134,317
135,317
136,317
137,317
138,317
139,317
140,317
144,317
145,317
146,317
147,317
148,317
150,317
151,317
152,317
153,317
154,317
155,317
156,317
157,317
158,317
159,317
160,317
161,317
162,317
163,317
164,317
165,317
166,317
167,317
168,317
169,317
170,317
171,317
172,317
173,317
174,317
175,317
176,317
177,317
178,317
182,317
183,317
184,317
195,317
196,317
197,317
198,317
215,317
216,317
217,317
218,317
219,317
220,317
221,317
222,317
223,317
224,317
225,317
255,317
256,317
257,317
258,317
259,317
260,317
261,317
262,317
263,317
264,317
265,317
267,317
268,317
269,317
270,317
271,317
272,317
273,317
274,317
275,317
276,317
277,317
279,317
280,317
281,317
282,317
283,317
284,317
285,317
286,317
287,317
288,317
289,317
291,317
292,317
293,317
294,317
295,317
102,318
103,318
104,318
105,318
106,318
107,318
108,318
109,318
110,318
111,318
112,318
118,318
119,318
120,318
121,318
122,318
123,318
124,318
125,318
126,318
127,318
128,318
129,318
130,318
131,318
132,318
136,318
137,318
138,318
139,318
140,318
141,318
142,318
143,318
144,318
145,318
146,318
147,318
150,318
151,318
152,318
153,318
154,318
155,318
156,318
157,318
158,318
159,318
160,318
161,318
162,318
163,318
164,318
165,318
166,318
167,318
168,318
169,318
170,318
171,318
172,318
173,318
174,318
175,318
176,318
177,318
178,318
181,318
182,318
183,318
184,318
185,318
186,318
187,318
188,318
189,318
190,318
191,318
192,318
193,318
194,318
195,318
196,318
197,318
198,318
214,318
215,318
216,318
217,318
218,318
219,318
220,318
221,318
222,318
223,318
224,318
225,318
255,318
256,318
257,318
258,318
259,318
260,318
261,318
262,318
263,318
264,318
265,318
267,318
268,318
269,318
270,318
271,318
272,318
273,318
274,318
275,318
276,318
277,318
279,318
280,318
281,318
282,318
283,318
284,318
285,318
286,318
287,318
288,318
289,318
291,318
292,318
293,318
294,318
295,318
101,319
102,319
103,319
104,319
105,319
106,319
107,319
108,319
109,319
110,319
111,319
112,319
113,319
120,319
121,319
122,319
123,319
124,319
125,319
126,319
127,319
128,319
136,319
137,319
138,319
139,319
140,319
141,319
142,319
143,319
144,319
145,319
146,319
147,319
151,319
152,319
153,319
154,319
155,319
156,319
157,319
158,319
159,319
160,319
161,319
162,319
163,319
164,319
165,319
166,319
167,319
168,319
169,319
170,319
171,319
172,319
173,319
174,319
175,319
176,319
177,319
178,319
182,319
183,319
184,319
185,319
186,319
187,319
188,319
189,319
190,319
191,319
192,319
193,319
194,319
195,319
196,319
197,319
198,319
213,319
214,319
215,319
216,319
217,319
221,319
222,319
223,319
224,319
225,319
255,319
256,319
257,319
258,319
259,319
260,319
261,319
262,319
263,319
264,319
265,319
267,319
268,319
269,319
270,319
271,319
272,319
273,319
274,319
275,319
276,319
277,319
279,319
280,319
281,319
282,319
283,319
284,319
285,319
286,319
287,319
288,319
289,319
291,319
292,319
293,319
294,319
295,319
101,320
102,320
103,320
104,320
105,320
106,320
107,320
108,320
109,320
110,320
111,320
112,320
113,320
122,320
123,320
124,320
125,320
126,320
136,320
137,320
138,320
139,320
140,320
141,320
142,320
143,320
144,320
145,320
146,320
147,320
152,320
153,320
154,320
155,320
164,320
165,320
166,320
167,320
168,320
173,320
174,320
175,320
176,320
177,320
178,320
179,320
182,320
183,320
184,320
195,320
196,320
197,320
198,320
212,320
213,320
214,320
215,320
216,320
221,320
222,320
223,320
224,320
225,320
255,320
256,320
257,320
258,320
259,320
260,320
261,320
262,320
263,320
264,320
265,320
267,320
268,320
269,320
270,320
271,320
272,320
273,320
274,320
275,320
276,320
277,320
279,320
280,320
281,320
282,320
283,320
284,320
285,320
286,320
287,320
288,320
289,320
291,320
292,320
293,320
294,320
295,320
101,321
102,321
103,321
104,321
105,321
106,321
107,321
108,321
109,321
110,321
111,321
112,321
113,321
122,321
123,321
124,321
125,321
126,321
137,321
138,321
139,321
140,321
141,321
142,321
143,321
144,321
145,321
146,321
147,321
152,321
153,321
154,321
155,321
164,321
165,321
166,321
167,321
168,321
173,321
174,321
175,321
176,321
177,321
178,321
179,321
181,321
182,321
183,321
184,321
195,321
196,321
197,321
198,321
211,321
212,321
213,321
214,321
215,321
221,321
222,321
223,321
224,321
225,321
226,321
227,321
228,321
229,321
230,321
231,321
232,321
233,321
234,321
235,321
236,321
291,321
292,321
293,321
294,321
295,321
101,322
102,322
103,322
104,322
105,322
106,322
107,322
108,322
109,322
110,322
111,322
112,322
113,322
122,322
123,322
124,322
125,322
126,322
137,322
138,322
139,322
140,322
141,322
142,322
143,322
144,322
145,322
146,322
147,322
148,322
152,322
153,322
154,322
155,322
164,322
165,322
166,322
167,322
168,322
181,322
182,322
183,322
184,322
185,322
186,322
187,322
188,322
189,322
190,322
191,322
192,322
193,322
194,322
195,322
196,322
197,322
198,322
210,322
211,322
212,322
213,322
214,322
221,322
222,322
223,322
224,322
225,322
226,322
227,322
228,322
229,322
230,322
231,322
232,322
233,322
234,322
235,322
236,322
247,322
248,322
249,322
250,322
251,322
252,322
253,322
254,322
255,322
256,322
257,322
258,322
259,322
260,322
261,322
262,322
263,322
264,322
265,322
266,322
267,322
268,322
269,322
270,322
271,322
272,322
273,322
274,322
275,322
276,322
277,322
278,322
279,322
280,322
281,322
282,322
283,322
284,322
291,322
292,322
293,322
294,322
295,322
101,323
102,323
103,323
104,323
105,323
106,323
107,323
108,323
109,323
110,323
111,323
112,323
113,323
120,323
121,323
122,323
123,323
124,323
125,323
126,323
127,323
128,323
137,323
138,323
139,323
140,323
141,323
142,323
143,323
144,323
145,323
146,323
147,323
148,323
152,323
153,323
154,323
155,323
164,323
165,323
166,323
167,323
168,323
181,323
182,323
183,323
184,323
185,323
186,323
187,323
188,323
189,323
190,323
191,323
192,323
193,323
194,323
195,323
196,323
197,323
198,323
209,323
210,323
211,323
212,323
213,323
221,323
222,323
223,323
224,323
225,323
226,323
227,323
228,323
229,323
230,323
231,323
232,323
233,323
234,323
235,323
236,323
247,323
248,323
249,323
250,323
251,323
252,323
253,323
254,323
255,323
256,323
257,323
258,323
259,323
260,323
261,323
262,323
263,323
264,323
265,323
266,323
267,323
268,323
269,323
270,323
271,323
272,323
273,323
274,323
275,323
276,323
277,323
278,323
279,323
280,323
281,323
282,323
283,323
284,323
291,323
292,323
293,323
294,323
295,323
102,324
103,324
104,324
105,324
109,324
110,324
111,324
112,324
113,324
117,324
118,324
119,324
120,324
121,324
122,324
123,324
124,324
125,324
126,324
127,324
128,324
129,324
130,324
137,324
138,324
139,324
140,324
141,324
142,324
143,324
144,324
145,324
146,324
147,324
148,324
152,324
153,324
154,324
155,324
164,324
165,324
166,324
167,324
168,324
181,324
182,324
183,324
184,324
185,324
186,324
187,324
188,324
189,324
190,324
191,324
192,324
193,324
194,324
195,324
196,324
197,324
198,324
208,324
209,324
210,324
211,324
212,324
221,324
222,324
223,324
224,324
225,324
226,324
227,324
228,324
229,324
230,324
231,324
232,324
233,324
234,324
235,324
236,324
247,324
248,324
249,324
250,324
251,324
252,324
253,324
254,324
255,324
256,324
257,324
258,324
259,324
260,324
261,324
262,324
263,324
264,324
265,324
266,324
267,324
268,324
269,324
270,324
271,324
272,324
273,324
274,324
275,324
276,324
277,324
278,324
279,324
280,324
281,324
282,324
283,324
284,324
291,324
292,324
293,324
294,324
295,324
102,325
103,325
104,325
105,325
109,325
110,325
111,325
112,325
113,325
114,325
115,325
116,325
117,325
118,325
119,325
120,325
121,325
122,325
123,325
124,325
125,325
126,325
127,325
128,325
129,325
130,325
131,325
136,325
137,325
138,325
139,325
140,325
144,325
145,325
146,325
147,325
148,325
152,325
153,325
154,325
155,325
164,325
165,325
166,325
167,325
168,325
181,325
182,325
183,325
184,325
185,325
186,325
187,325
188,325
189,325
190,325
191,325
192,325
193,325
194,325
195,325
196,325
197,325
198,325
207,325
208,325
209,325
210,325
211,325
221,325
222,325
223,325
224,325
225,325
226,325
227,325
228,325
229,325
230,325
231,325
232,325
233,325
234,325
235,325
236,325
247,325
248,325
249,325
250,325
251,325
252,325
253,325
254,325
255,325
256,325
257,325
258,325
259,325
260,325
261,325
262,325
263,325
264,325
265,325
266,325
267,325
268,325
269,325
270,325
271,325
272,325
273,325
274,325
275,325
276,325
277,325
278,325
279,325
280,325
281,325
282,325
283,325
284,325
291,325
292,325
293,325
294,325
295,325
102,326
103,326
104,326
105,326
109,326
110,326
111,326
112,326
113,326
114,326
115,326
116,326
117,326
118,326
119,326
120,326
121,326
122,326
126,326
127,326
128,326
129,326
130,326
131,326
136,326
137,326
138,326
139,326
140,326
144,326
145,326
146,326
147,326
148,326
152,326
153,326
154,326
155,326
163,326
164,326
165,326
166,326
167,326
168,326
169,326
181,326
182,326
185,326
186,326
189,326
190,326
193,326
194,326
197,326
198,326
206,326
207,326
208,326
209,326
210,326
232,326
233,326
234,326
235,326
236,326
247,326
248,326
249,326
250,326
251,326
252,326
253,326
254,326
255,326
256,326
257,326
258,326
259,326
260,326
261,326
262,326
263,326
264,326
265,326
266,326
267,326
268,326
269,326
270,326
271,326
272,326
273,326
274,326
275,326
276,326
277,326
278,326
279,326
280,326
281,326
282,326
283,326
284,326
288,326
289,326
290,326
291,326
292,326
293,326
294,326
295,326
296,326
297,326
298,326
102,327
103,327
104,327
105,327
106,327
107,327
108,327
109,327
110,327
111,327
112,327
113,327
114,327
115,327
116,327
117,327
118,327
119,327
120,327
121,327
122,327
126,327
127,327
128,327
129,327
130,327
131,327
136,327
137,327
138,327
139,327
140,327
144,327
145,327
146,327
147,327
148,327
152,327
153,327
154,327
155,327
161,327
162,327
163,327
164,327
165,327
166,327
167,327
168,327
169,327
170,327
171,327
172,327
173,327
174,327
175,327
176,327
177,327
178,327
179,327
181,327
182,327
185,327
186,327
189,327
190,327
193,327
194,327
197,327
198,327
205,327
206,327
207,327
208,327
209,327
232,327
233,327
234,327
235,327
236,327
247,327
248,327
249,327
250,327
251,327
280,327
281,327
282,327
283,327
284,327
288,327
289,327
290,327
291,327
292,327
293,327
294,327
295,327
296,327
297,327
298,327
101,328
102,328
103,328
104,328
105,328
106,328
107,328
108,328
109,328
110,328
111,328
112,328
113,328
114,328
115,328
116,328
117,328
118,328
119,328
120,328
121,328
122,328
126,328
127,328
128,328
129,328
130,328
131,328
136,328
137,328
138,328
139,328
140,328
141,328
142,328
143,328
144,328
145,328
146,328
147,328
148,328
153,328
154,328
155,328
161,328
162,328
163,328
164,328
165,328
166,328
167,328
168,328
169,328
170,328
171,328
172,328
173,328
174,328
175,328
176,328
177,328
178,328
179,328
181,328
182,328
185,328
186,328
189,328
190,328
193,328
194,328
197,328
198,328
204,328
205,328
206,328
207,328
208,328
209,328
232,328
233,328
234,328
235,328
236,328
237,328
238,328
239,328
240,328
241,328
242,328
243,328
244,328
245,328
246,328
247,328
248,328
249,328
250,328
251,328
255,328
256,328
257,328
258,328
259,328
260,328
261,328
262,328
263,328
264,328
265,328
266,328
267,328
268,328
269,328
270,328
271,328
272,328
273,328
274,328
275,328
276,328
277,328
278,328
279,328
280,328
281,328
282,328
283,328
284,328
288,328
289,328
290,328
291,328
292,328
293,328
294,328
295,328
296,328
297,328
298,328
101,329
102,329
103,329
104,329
105,329
106,329
107,329
108,329
109,329
110,329
111,329
112,329
113,329
114,329
115,329
116,329
117,329
118,329
119,329
120,329
121,329
122,329
123,329
124,329
125,329
126,329
127,329
128,329
129,329
130,329
131,329
136,329
137,329
138,329
139,329
140,329
141,329
142,329
143,329
144,329
145,329
146,329
147,329
148,329
152,329
153,329
154,329
155,329
161,329
162,329
163,329
164,329
165,329
166,329
167,329
168,329
169,329
170,329
171,329
172,329
173,329
174,329
175,329
176,329
177,329
178,329
181,329
182,329
185,329
186,329
189,329
190,329
193,329
194,329
197,329
198,329
203,329
204,329
205,329
206,329
207,329
208,329
209,329
232,329
233,329
234,329
235,329
236,329
237,329
238,329
239,329
240,329
241,329
242,329
243,329
244,329
245,329
246,329
247,329
248,329
249,329
250,329
251,329
255,329
256,329
257,329
258,329
259,329
260,329
261,329
262,329
263,329
264,329
265,329
266,329
267,329
268,329
269,329
270,329
271,329
272,329
273,329
274,329
275,329
276,329
277,329
278,329
279,329
280,329
281,329
282,329
283,329
284,329
288,329
289,329
290,329
291,329
292,329
293,329
294,329
295,329
296,329
297,329
298,329
101,330
102,330
103,330
104,330
105,330
106,330
107,330
108,330
109,330
110,330
111,330
112,330
113,330
117,330
118,330
119,330
120,330
121,330
122,330
123,330
124,330
125,330
126,330
127,330
128,330
129,330
130,330
136,330
137,330
138,330
139,330
140,330
141,330
142,330
143,330
144,330
145,330
146,330
147,330
152,330
153,330
154,330
155,330
161,330
162,330
163,330
164,330
165,330
166,330
167,330
168,330
169,330
170,330
171,330
172,330
173,330
174,330
175,330
176,330
177,330
178,330
181,330
182,330
183,330
184,330
185,330
186,330
187,330
188,330
189,330
190,330
191,330
192,330
193,330
194,330
195,330
196,330
197,330
198,330
201,330
202,330
203,330
204,330
205,330
206,330
207,330
208,330
209,330
210,330
211,330
212,330
217,330
218,330
219,330
220,330
221,330
222,330
223,330
224,330
225,330
226,330
227,330
228,330
232,330
233,330
234,330
235,330
236,330
237,330
238,330
239,330
240,330
241,330
242,330
243,330
244,330
245,330
246,330
247,330
248,330
249,330
250,330
251,330
255,330
256,330
257,330
258,330
259,330
260,330
261,330
262,330
263,330
264,330
265,330
266,330
267,330
268,330
269,330
270,330
271,330
272,330
273,330
274,330
275,330
276,330
277,330
278,330
279,330
280,330
281,330
282,330
283,330
284,330
288,330
289,330
290,330
291,330
292,330
293,330
294,330
295,330
296,330
297,330
298,330
101,331
102,331
103,331
104,331
105,331
106,331
107,331
108,331
109,331
110,331
111,331
112,331
113,331
119,331
120,331
121,331
122,331
123,331
124,331
125,331
126,331
127,331
128,331
129,331
138,331
139,331
140,331
141,331
142,331
143,331
144,331
145,331
146,331
152,331
153,331
154,331
155,331
161,331
162,331
163,331
164,331
165,331
166,331
167,331
168,331
169,331
170,331
171,331
172,331
173,331
174,331
175,331
176,331
177,331
178,331
179,331
181,331
182,331
183,331
184,331
185,331
186,331
187,331
188,331
189,331
190,331
191,331
192,331
193,331
194,331
195,331
196,331
197,331
201,331
202,331
203,331
204,331
205,331
206,331
207,331
208,331
209,331
210,331
211,331
212,331
217,331
218,331
219,331
220,331
221,331
222,331
223,331
224,331
225,331
226,331
227,331
228,331
232,331
233,331
234,331
235,331
236,331
237,331
238,331
239,331
240,331
241,331
242,331
243,331
244,331
245,331
246,331
247,331
248,331
249,331
250,331
251,331
255,331
256,331
257,331
258,331
259,331
260,331
261,331
262,331
263,331
264,331
265,331
266,331
267,331
268,331
269,331
270,331
271,331
272,331
273,331
274,331
275,331
276,331
277,331
278,331
279,331
280,331
281,331
282,331
283,331
284,331
288,331
289,331
290,331
291,331
292,331
293,331
294,331
295,331
296,331
297,331
298,331
101,332
102,332
103,332
104,332
105,332
106,332
107,332
108,332
109,332
110,332
111,332
112,332
122,332
123,332
124,332
125,332
126,332
139,332
140,332
141,332
142,332
143,332
152,332
153,332
154,332
155,332
160,332
161,332
162,332
163,332
164,332
165,332
166,332
167,332
168,332
169,332
170,332
171,332
172,332
173,332
174,332
175,332
176,332
177,332
178,332
179,332
181,332
182,332
183,332
184,332
185,332
186,332
187,332
188,332
189,332
190,332
191,332
192,332
193,332
194,332
195,332
196,332
197,332
198,332
201,332
202,332
203,332
204,332
205,332
206,332
207,332
208,332
209,332
210,332
211,332
212,332
217,332
218,332
219,332
220,332
221,332
222,332
223,332
224,332
225,332
226,332
227,332
228,332
232,332
233,332
234,332
235,332
236,332
237,332
238,332
239,332
240,332
241,332
242,332
243,332
244,332
245,332
246,332
247,332
248,332
249,332
250,332
251,332
255,332
256,332
257,332
258,332
259,332
260,332
261,332
262,332
263,332
264,332
265,332
266,332
267,332
268,332
269,332
270,332
271,332
272,332
273,332
274,332
275,332
276,332
277,332
278,332
279,332
280,332
281,332
282,332
283,332
284,332
295,332
296,332
297,332
298,332
103,333
104,333
105,333
106,333
107,333
108,333
109,333
110,333
111,333
112,333
122,333
123,333
124,333
125,333
126,333
139,333
140,333
141,333
142,333
143,333
152,333
153,333
154,333
173,333
174,333
175,333
176,333
177,333
178,333
184,333
185,333
186,333
187,333
188,333
189,333
190,333
191,333
192,333
193,333
194,333
197,333
201,333
202,333
203,333
204,333
205,333
206,333
207,333
208,333
209,333
210,333
211,333
212,333
213,333
214,333
215,333
216,333
217,333
218,333
219,333
220,333
221,333
222,333
223,333
224,333
225,333
226,333
227,333
228,333
232,333
233,333
234,333
235,333
236,333
237,333
246,333
247,333
248,333
249,333
250,333
251,333
255,333
256,333
257,333
258,333
259,333
260,333
261,333
262,333
263,333
264,333
265,333
266,333
267,333
268,333
269,333
270,333
271,333
272,333
273,333
274,333
275,333
276,333
277,333
278,333
279,333
280,333
281,333
282,333
283,333
284,333
295,333
296,333
297,333
298,333
106,334
107,334
108,334
109,334
110,334
122,334
123,334
124,334
125,334
126,334
139,334
140,334
141,334
142,334
143,334
152,334
153,334
154,334
155,334
174,334
175,334
176,334
177,334
178,334
187,334
188,334
189,334
190,334
191,334
192,334
201,334
202,334
203,334
204,334
205,334
206,334
207,334
208,334
209,334
210,334
211,334
212,334
213,334
214,334
215,334
216,334
217,334
218,334
219,334
220,334
221,334
222,334
223,334
224,334
225,334
226,334
227,334
228,334
232,334
233,334
234,334
235,334
236,334
237,334
246,334
247,334
248,334
249,334
250,334
251,334
255,334
256,334
257,334
258,334
259,334
260,334
288,334
289,334
290,334
291,334
292,334
295,334
296,334
297,334
298,334
106,335
107,335
108,335
109,335
110,335
117,335
118,335
119,335
120,335
121,335
122,335
123,335
124,335
125,335
126,335
127,335
128,335
129,335
130,335
135,335
136,335
137,335
138,335
139,335
140,335
141,335
142,335
143,335
144,335
145,335
146,335
147,335
152,335
153,335
154,335
155,335
174,335
175,335
176,335
177,335
178,335
187,335
188,335
189,335
190,335
191,335
192,335
201,335
202,335
203,335
204,335
205,335
206,335
207,335
208,335
209,335
210,335
211,335
212,335
217,335
218,335
219,335
220,335
221,335
222,335
223,335
224,335
225,335
226,335
227,335
228,335
232,335
233,335
234,335
235,335
236,335
237,335
246,335
247,335
248,335
249,335
250,335
251,335
255,335
256,335
257,335
258,335
259,335
260,335
288,335
289,335
290,335
291,335
292,335
295,335
296,335
297,335
298,335
106,336
107,336
108,336
109,336
110,336
116,336
117,336
118,336
119,336
120,336
121,336
122,336
123,336
124,336
125,336
126,336
127,336
128,336
129,336
130,336
131,336
132,336
133,336
134,336
135,336
136,336
137,336
138,336
139,336
140,336
141,336
142,336
143,336
144,336
145,336
146,336
147,336
148,336
152,336
153,336
154,336
155,336
174,336
175,336
176,336
177,336
178,336
187,336
188,336
189,336
190,336
191,336
192,336
201,336
202,336
203,336
204,336
205,336
206,336
207,336
208,336
209,336
210,336
211,336
212,336
217,336
218,336
219,336
220,336
221,336
222,336
223,336
224,336
225,336
226,336
227,336
232,336
233,336
234,336
235,336
236,336
237,336
246,336
247,336
248,336
249,336
250,336
251,336
255,336
256,336
257,336
258,336
259,336
260,336
288,336
289,336
290,336
291,336
292,336
295,336
296,336
297,336
298,336
105,337
106,337
107,337
108,337
109,337
110,337
116,337
117,337
118,337
119,337
120,337
121,337
122,337
123,337
124,337
125,337
126,337
127,337
128,337
129,337
130,337
131,337
132,337
133,337
134,337
135,337
136,337
137,337
138,337
139,337
140,337
141,337
142,337
143,337
144,337
145,337
146,337
147,337
148,337
152,337
153,337
154,337
155,337
163,337
164,337
165,337
166,337
167,337
174,337
175,337
176,337
177,337
178,337
187,337
188,337
189,337
190,337
191,337
192,337
201,337
202,337
203,337
204,337
205,337
206,337
207,337
208,337
209,337
210,337
211,337
212,337
217,337
218,337
219,337
220,337
221,337
222,337
223,337
224,337
225,337
226,337
227,337
228,337
232,337
233,337
234,337
235,337
236,337
237,337
238,337
239,337
240,337
241,337
242,337
243,337
244,337
245,337
246,337
247,337
248,337
249,337
250,337
251,337
255,337
256,337
257,337
258,337
259,337
260,337
261,337
262,337
263,337
264,337
265,337
266,337
267,337
268,337
269,337
270,337
271,337
272,337
273,337
274,337
275,337
276,337
277,337
278,337
279,337
280,337
281,337
282,337
283,337
284,337
288,337
289,337
290,337
291,337
292,337
295,337
296,337
297,337
298,337
104,338
105,338
106,338
107,338
108,338
109,338
110,338
111,338
117,338
118,338
119,338
120,338
121,338
122,338
126,338
127,338
128,338
129,338
130,338
131,338
132,338
133,338
134,338
135,338
136,338
137,338
138,338
139,338
143,338
144,338
145,338
146,338
147,338
152,338
153,338
154,338
155,338
160,338
161,338
162,338
163,338
164,338
165,338
166,338
167,338
168,338
169,338
174,338
175,338
176,338
177,338
178,338
187,338
188,338
189,338
190,338
191,338
192,338
201,338
202,338
203,338
204,338
205,338
206,338
207,338
208,338
209,338
210,338
211,338
212,338
213,338
214,338
215,338
216,338
217,338
218,338
219,338
220,338
221,338
222,338
223,338
224,338
225,338
226,338
227,338
228,338
232,338
233,338
234,338
235,338
236,338
237,338
238,338
239,338
240,338
241,338
242,338
243,338
244,338
245,338
246,338
247,338
248,338
249,338
250,338
251,338
255,338
256,338
257,338
258,338
259,338
260,338
261,338
262,338
263,338
264,338
265,338
266,338
267,338
268,338
269,338
270,338
271,338
272,338
273,338
274,338
275,338
276,338
277,338
278,338
279,338
280,338
281,338
282,338
283,338
284,338
285,338
286,338
287,338
288,338
289,338
290,338
291,338
292,338
295,338
296,338
297,338
298,338
104,339
105,339
106,339
110,339
111,339
112,339
117,339
118,339
119,339
120,339
121,339
122,339
126,339
127,339
128,339
129,339
130,339
131,339
132,339
133,339
134,339
135,339
136,339
137,339
138,339
139,339
143,339
144,339
145,339
146,339
147,339
152,339
153,339
154,339
155,339
156,339
157,339
158,339
159,339
160,339
161,339
162,339
163,339
164,339
165,339
166,339
167,339
168,339
169,339
170,339
174,339
175,339
176,339
177,339
178,339
179,339
180,339
183,339
184,339
185,339
186,339
187,339
188,339
189,339
190,339
191,339
192,339
201,339
202,339
203,339
204,339
205,339
206,339
207,339
208,339
209,339
210,339
211,339
212,339
213,339
214,339
215,339
216,339
217,339
218,339
219,339
220,339
221,339
222,339
223,339
224,339
225,339
226,339
227,339
228,339
232,339
233,339
234,339
235,339
236,339
237,339
238,339
239,339
240,339
241,339
242,339
243,339
244,339
245,339
246,339
247,339
248,339
249,339
250,339
251,339
255,339
256,339
257,339
258,339
259,339
260,339
261,339
262,339
263,339
264,339
265,339
266,339
267,339
268,339
269,339
270,339
271,339
272,339
273,339
274,339
275,339
276,339
277,339
278,339
279,339
280,339
281,339
282,339
283,339
284,339
285,339
286,339
287,339
288,339
289,339
290,339
291,339
292,339
293,339
294,339
295,339
296,339
297,339
298,339
104,340
105,340
106,340
107,340
110,340
111,340
112,340
117,340
118,340
119,340
120,340
121,340
122,340
126,340
127,340
128,340
129,340
130,340
131,340
132,340
133,340
134,340
135,340
136,340
137,340
138,340
139,340
143,340
144,340
145,340
146,340
147,340
152,340
153,340
154,340
155,340
156,340
157,340
158,340
159,340
160,340
161,340
162,340
163,340
164,340
165,340
166,340
167,340
168,340
169,340
170,340
174,340
175,340
176,340
177,340
178,340
179,340
180,340
181,340
182,340
183,340
184,340
185,340
186,340
187,340
188,340
189,340
190,340
191,340
192,340
201,340
202,340
203,340
204,340
205,340
206,340
207,340
208,340
209,340
210,340
211,340
212,340
217,340
218,340
219,340
220,340
221,340
222,340
223,340
224,340
225,340
226,340
227,340
228,340
232,340
233,340
234,340
235,340
236,340
237,340
238,340
239,340
240,340
241,340
242,340
243,340
244,340
245,340
246,340
247,340
248,340
249,340
250,340
251,340
255,340
256,340
257,340
258,340
259,340
260,340
261,340
262,340
263,340
264,340
265,340
266,340
267,340
268,340
269,340
270,340
271,340
272,340
273,340
274,340
275,340
276,340
277,340
278,340
279,340
280,340
281,340
282,340
283,340
284,340
285,340
286,340
287,340
288,340
289,340
290,340
291,340
292,340
293,340
294,340
295,340
296,340
297,340
298,340
104,341
105,341
106,341
110,341
111,341
112,341
116,341
117,341
118,341
119,341
120,341
121,341
122,341
123,341
124,341
125,341
126,341
127,341
128,341
129,341
130,341
131,341
132,341
133,341
134,341
135,341
136,341
137,341
138,341
139,341
140,341
141,341
142,341
143,341
144,341
145,341
146,341
147,341
153,341
154,341
155,341
156,341
157,341
158,341
159,341
160,341
161,341
162,341
163,341
164,341
165,341
166,341
167,341
168,341
169,341
170,341
174,341
175,341
176,341
177,341
178,341
179,341
180,341
181,341
182,341
183,341
184,341
185,341
186,341
187,341
188,341
189,341
190,341
191,341
192,341
201,341
202,341
203,341
204,341
205,341
206,341
207,341
208,341
209,341
210,341
211,341
212,341
217,341
218,341
219,341
220,341
221,341
222,341
223,341
224,341
225,341
226,341
227,341
228,341
232,341
233,341
234,341
235,341
236,341
237,341
238,341
239,341
240,341
241,341
242,341
243,341
244,341
245,341
246,341
247,341
248,341
249,341
250,341
251,341
255,341
256,341
257,341
258,341
259,341
260,341
261,341
262,341
263,341
264,341
265,341
266,341
267,341
268,341
269,341
270,341
271,341
272,341
273,341
274,341
275,341
276,341
277,341
278,341
279,341
280,341
281,341
282,341
283,341
284,341
285,341
286,341
287,341
288,341
289,341
290,341
291,341
292,341
295,341
296,341
297,341
298,341
105,342
106,342
107,342
108,342
109,342
110,342
111,342
112,342
116,342
117,342
118,342
119,342
120,342
121,342
122,342
123,342
124,342
125,342
126,342
127,342
128,342
129,342
130,342
131,342
132,342
133,342
134,342
135,342
136,342
137,342
138,342
139,342
140,342
141,342
142,342
143,342
144,342
145,342
146,342
147,342
148,342
152,342
153,342
154,342
155,342
156,342
157,342
158,342
159,342
160,342
161,342
162,342
163,342
164,342
165,342
166,342
167,342
168,342
169,342
174,342
175,342
176,342
177,342
178,342
179,342
180,342
181,342
182,342
183,342
184,342
185,342
186,342
187,342
188,342
189,342
190,342
191,342
192,342
201,342
202,342
203,342
204,342
205,342
206,342
207,342
208,342
209,342
210,342
211,342
212,342
217,342
218,342
219,342
220,342
221,342
222,342
223,342
224,342
225,342
226,342
227,342
228,342
255,342
256,342
257,342
258,342
259,342
260,342
261,342
262,342
263,342
264,342
265,342
266,342
267,342
268,342
269,342
270,342
271,342
272,342
273,342
274,342
275,342
276,342
277,342
278,342
279,342
280,342
281,342
282,342
283,342
284,342
288,342
289,342
290,342
291,342
292,342
295,342
296,342
297,342
298,342
106,343
107,343
108,343
109,343
110,343
111,343
117,343
118,343
119,343
120,343
121,343
122,343
123,343
124,343
125,343
126,343
127,343
128,343
129,343
130,343
135,343
136,343
137,343
138,343
139,343
140,343
141,343
142,343
143,343
144,343
145,343
146,343
147,343
164,343
165,343
166,343
167,343
169,343
175,343
176,343
177,343
178,343
179,343
180,343
181,343
184,343
185,343
186,343
187,343
188,343
189,343
190,343
191,343
255,343
256,343
257,343
258,343
259,343
260,343
261,343
262,343
263,343
264,343
265,343
266,343
267,343
268,343
269,343
270,343
271,343
272,343
273,343
274,343
275,343
276,343
277,343
278,343
279,343
280,343
281,343
282,343
283,343
284,343
288,343
289,343
290,343
291,343
292,343
295,343
296,343
297,343
298,343
