153,296
154,296
155,296
156,296
157,296
158,296
159,296
163,296
187,296
188,296
189,296
193,296
194,296
195,296
196,296
197,296
152,297
153,297
154,297
155,297
156,297
157,297
158,297
159,297
160,297
161,297
162,297
163,297
164,297
186,297
187,297
188,297
189,297
190,297
191,297
192,297
193,297
194,297
195,297
196,297
197,297
198,297
152,298
153,298
154,298
155,298
156,298
157,298
158,298
159,298
160,298
161,298
162,298
163,298
164,298
186,298
187,298
188,298
189,298
190,298
191,298
192,298
193,298
194,298
195,298
196,298
197,298
198,298
152,299
153,299
154,299
156,299
157,299
158,299
159,299
160,299
161,299
162,299
163,299
164,299
186,299
187,299
188,299
189,299
190,299
191,299
192,299
193,299
194,299
195,299
196,299
197,299
105,300
106,300
107,300
108,300
109,300
110,300
111,300
112,300
113,300
114,300
115,300
116,300
117,300
118,300
119,300
120,300
123,300
124,300
125,300
126,300
127,300
128,300
129,300
130,300
131,300
132,300
133,300
134,300
135,300
136,300
137,300
138,300
139,300
140,300
141,300
142,300
143,300
144,300
145,300
146,300
147,300
152,300
153,300
154,300
155,300
161,300
162,300
163,300
164,300
165,300
166,300
167,300
168,300
169,300
170,300
171,300
172,300
173,300
174,300
175,300
176,300
177,300
178,300
179,300
180,300
181,300
182,300
183,300
184,300
185,300
186,300
187,300
188,300
189,300
195,300
196,300
197,300
198,300
104,301
105,301
106,301
107,301
108,301
109,301
110,301
111,301
112,301
113,301
114,301
115,301
116,301
117,301
118,301
119,301
120,301
121,301
122,301
123,301
124,301
125,301
126,301
127,301
128,301
129,301
130,301
131,301
132,301
133,301
134,301
135,301
136,301
137,301
138,301
139,301
140,301
141,301
142,301
143,301
144,301
145,301
146,301
147,301
148,301
152,301
153,301
154,301
155,301
161,301
162,301
163,301
164,301
165,301
166,301
167,301
168,301
169,301
170,301
171,301
172,301
173,301
174,301
175,301
176,301
177,301
178,301
179,301
180,301
181,301
182,301
183,301
184,301
185,301
186,301
187,301
188,301
189,301
195,301
196,301
197,301
198,301
104,302
105,302
106,302
107,302
108,302
109,302
110,302
111,302
112,302
113,302
114,302
115,302
116,302
117,302
118,302
119,302
120,302
121,302
122,302
123,302
124,302
125,302
126,302
127,302
128,302
129,302
130,302
131,302
132,302
133,302
134,302
135,302
136,302
137,302
138,302
139,302
140,302
141,302
142,302
143,302
144,302
145,302
146,302
147,302
148,302
152,302
153,302
154,302
155,302
161,302
162,302
163,302
164,302
165,302
166,302
167,302
168,302
169,302
170,302
171,302
172,302
173,302
174,302
175,302
176,302
177,302
178,302
179,302
180,302
181,302
182,302
183,302
184,302
185,302
186,302
187,302
188,302
189,302
195,302
196,302
197,302
198,302
104,303
105,303
106,303
107,303
108,303
109,303
110,303
111,303
112,303
113,303
114,303
115,303
116,303
117,303
118,303
119,303
120,303
121,303
122,303
123,303
124,303
125,303
126,303
127,303
128,303
129,303
130,303
131,303
132,303
133,303
134,303
135,303
136,303
137,303
138,303
139,303
140,303
141,303
142,303
143,303
144,303
145,303
146,303
147,303
148,303
152,303
153,303
154,303
155,303
161,303
162,303
163,303
164,303
165,303
166,303
167,303
168,303
169,303
170,303
171,303
172,303
173,303
174,303
175,303
176,303
177,303
178,303
179,303
180,303
181,303
182,303
183,303
184,303
185,303
186,303
187,303
188,303
189,303
195,303
196,303
197,303
198,303
104,304
105,304
106,304
107,304
108,304
109,304
110,304
111,304
112,304
113,304
114,304
115,304
116,304
117,304
118,304
119,304
120,304
121,304
122,304
123,304
124,304
125,304
126,304
127,304
128,304
129,304
130,304
131,304
132,304
133,304
134,304
135,304
136,304
137,304
138,304
139,304
140,304
141,304
142,304
143,304
144,304
145,304
146,304
147,304
148,304
152,304
153,304
154,304
155,304
161,304
162,304
163,304
164,304
165,304
166,304
167,304
168,304
169,304
170,304
171,304
172,304
173,304
174,304
175,304
176,304
177,304
178,304
179,304
180,304
181,304
182,304
183,304
184,304
185,304
186,304
187,304
188,304
189,304
195,304
196,304
197,304
104,305
105,305
106,305
107,305
108,305
144,305
145,305
146,305
147,305
148,305
152,305
153,305
154,305
155,305
156,305
157,305
158,305
159,305
160,305
161,305
162,305
163,305
164,305
186,305
187,305
188,305
189,305
190,305
191,305
192,305
193,305
194,305
195,305
196,305
197,305
104,306
105,306
106,306
107,306
108,306
144,306
145,306
146,306
147,306
148,306
152,306
153,306
154,306
155,306
156,306
157,306
158,306
159,306
160,306
161,306
162,306
163,306
164,306
186,306
187,306
188,306
189,306
190,306
191,306
192,306
193,306
194,306
195,306
196,306
197,306
104,307
105,307
106,307
107,307
108,307
144,307
145,307
146,307
147,307
148,307
152,307
153,307
154,307
155,307
156,307
157,307
158,307
159,307
160,307
161,307
162,307
163,307
164,307
186,307
187,307
188,307
189,307
190,307
191,307
192,307
193,307
194,307
195,307
196,307
197,307
104,308
105,308
106,308
107,308
108,308
118,308
119,308
120,308
123,308
124,308
125,308
126,308
127,308
128,308
129,308
132,308
133,308
134,308
135,308
144,308
145,308
146,308
147,308
148,308
153,308
154,308
155,308
159,308
160,308
161,308
162,308
163,308
169,308
170,308
171,308
172,308
173,308
177,308
178,308
181,308
187,308
188,308
189,308
190,308
191,308
192,308
193,308
194,308
195,308
196,308
197,308
104,309
105,309
106,309
107,309
108,309
117,309
118,309
119,309
120,309
121,309
122,309
123,309
124,309
125,309
126,309
127,309
128,309
129,309
130,309
131,309
132,309
133,309
134,309
135,309
136,309
144,309
145,309
146,309
147,309
148,309
168,309
169,309
170,309
171,309
172,309
173,309
174,309
175,309
176,309
177,309
178,309
179,309
180,309
181,309
182,309
190,309
191,309
192,309
193,309
194,309
104,310
105,310
106,310
107,310
108,310
117,310
118,310
119,310
120,310
121,310
122,310
123,310
124,310
125,310
126,310
127,310
128,310
129,310
130,310
131,310
132,310
133,310
134,310
135,310
136,310
144,310
145,310
146,310
147,310
148,310
168,310
169,310
170,310
171,310
172,310
173,310
174,310
175,310
176,310
177,310
178,310
179,310
180,310
181,310
182,310
190,310
191,310
192,310
193,310
194,310
104,311
105,311
106,311
107,311
108,311
117,311
118,311
119,311
120,311
121,311
122,311
123,311
124,311
125,311
126,311
127,311
128,311
129,311
130,311
131,311
132,311
133,311
134,311
135,311
136,311
144,311
145,311
146,311
147,311
148,311
168,311
169,311
170,311
171,311
179,311
180,311
181,311
182,311
190,311
191,311
192,311
193,311
194,311
104,312
105,312
106,312
107,312
108,312
117,312
118,312
119,312
120,312
133,312
134,312
135,312
136,312
141,312
142,312
143,312
144,312
145,312
146,312
147,312
148,312
149,312
150,312
151,312
155,312
156,312
157,312
158,312
168,312
169,312
170,312
171,312
179,312
180,312
181,312
182,312
190,312
191,312
192,312
193,312
194,312
104,313
105,313
106,313
107,313
108,313
117,313
118,313
119,313
120,313
133,313
134,313
135,313
136,313
140,313
141,313
142,313
143,313
144,313
145,313
146,313
147,313
148,313
149,313
150,313
151,313
152,313
153,313
154,313
155,313
156,313
157,313
158,313
159,313
160,313
161,313
162,313
163,313
164,313
165,313
166,313
167,313
168,313
169,313
170,313
171,313
179,313
180,313
181,313
190,313
191,313
192,313
193,313
194,313
104,314
105,314
106,314
107,314
108,314
117,314
118,314
119,314
120,314
133,314
134,314
135,314
141,314
142,314
143,314
144,314
145,314
146,314
147,314
148,314
149,314
150,314
151,314
152,314
153,314
154,314
155,314
156,314
157,314
158,314
159,314
160,314
161,314
162,314
163,314
164,314
165,314
166,314
167,314
168,314
169,314
170,314
171,314
179,314
180,314
181,314
182,314
190,314
191,314
192,314
193,314
194,314
104,315
105,315
106,315
107,315
108,315
117,315
118,315
119,315
120,315
133,315
134,315
135,315
136,315
141,315
142,315
143,315
144,315
145,315
146,315
147,315
148,315
149,315
150,315
151,315
152,315
153,315
154,315
155,315
156,315
157,315
158,315
159,315
160,315
161,315
162,315
163,315
164,315
165,315
166,315
167,315
168,315
169,315
170,315
171,315
172,315
173,315
174,315
175,315
176,315
177,315
178,315
179,315
180,315
181,315
182,315
190,315
191,315
192,315
193,315
194,315
103,316
104,316
105,316
106,316
107,316
108,316
109,316
117,316
118,316
119,316
120,316
133,316
134,316
135,316
136,316
140,316
141,316
142,316
143,316
144,316
145,316
146,316
147,316
148,316
149,316
150,316
151,316
152,316
153,316
154,316
155,316
156,316
157,316
158,316
159,316
160,316
161,316
162,316
163,316
164,316
165,316
166,316
167,316
168,316
169,316
170,316
171,316
172,316
173,316
174,316
175,316
176,316
177,316
178,316
179,316
180,316
181,316
182,316
190,316
191,316
192,316
193,316
194,316
102,317
103,317
104,317
105,317
106,317
107,317
108,317
109,317
110,317
117,317
118,317
119,317
120,317
127,317
132,317
133,317
134,317
135,317
136,317
140,317
141,317
142,317
143,317
144,317
145,317
146,317
147,317
148,317
149,317
150,317
151,317
152,317
153,317
154,317
155,317
156,317
157,317
158,317
159,317
160,317
161,317
162,317
163,317
164,317
165,317
166,317
167,317
168,317
169,317
170,317
171,317
172,317
173,317
174,317
175,317
176,317
177,317
178,317
179,317
180,317
181,317
182,317
183,317
184,317
185,317
186,317
187,317
188,317
189,317
190,317
191,317
192,317
193,317
194,317
102,318
103,318
104,318
105,318
106,318
107,318
108,318
109,318
110,318
111,318
112,318
113,318
114,318
115,318
116,318
117,318
118,318
119,318
120,318
126,318
127,318
128,318
129,318
130,318
131,318
132,318
133,318
134,318
135,318
136,318
168,318
169,318
170,318
171,318
179,318
180,318
181,318
182,318
183,318
184,318
185,318
186,318
187,318
188,318
189,318
190,318
191,318
192,318
193,318
103,319
104,319
105,319
106,319
107,319
108,319
109,319
110,319
111,319
112,319
113,319
114,319
115,319
116,319
117,319
118,319
119,319
120,319
127,319
128,319
129,319
130,319
131,319
132,319
133,319
134,319
135,319
136,319
168,319
169,319
170,319
171,319
179,319
180,319
181,319
182,319
183,319
184,319
185,319
186,319
187,319
188,319
189,319
190,319
191,319
192,319
193,319
103,320
104,320
105,320
106,320
107,320
108,320
109,320
110,320
111,320
112,320
113,320
114,320
115,320
116,320
117,320
118,320
119,320
120,320
127,320
128,320
129,320
130,320
131,320
132,320
133,320
134,320
135,320
136,320
168,320
169,320
170,320
171,320
179,320
180,320
181,320
182,320
183,320
184,320
185,320
186,320
187,320
188,320
189,320
190,320
191,320
192,320
193,320
103,321
104,321
105,321
106,321
107,321
108,321
109,321
110,321
111,321
112,321
113,321
114,321
115,321
116,321
117,321
118,321
119,321
120,321
126,321
127,321
128,321
129,321
130,321
131,321
132,321
133,321
134,321
135,321
136,321
168,321
169,321
170,321
171,321
179,321
180,321
181,321
182,321
183,321
184,321
185,321
186,321
187,321
188,321
189,321
190,321
191,321
192,321
193,321
102,322
103,322
104,322
105,322
106,322
107,322
108,322
109,322
110,322
117,322
118,322
119,322
120,322
127,322
132,322
133,322
134,322
135,322
136,322
140,322
141,322
142,322
143,322
144,322
145,322
146,322
147,322
148,322
149,322
150,322
151,322
152,322
153,322
154,322
155,322
156,322
157,322
158,322
159,322
160,322
161,322
162,322
163,322
164,322
165,322
166,322
167,322
168,322
169,322
170,322
171,322
172,322
173,322
174,322
175,322
176,322
177,322
178,322
179,322
180,322
181,322
182,322
183,322
184,322
185,322
186,322
187,322
188,322
189,322
190,322
191,322
192,322
193,322
194,322
103,323
104,323
105,323
106,323
107,323
108,323
109,323
117,323
118,323
119,323
120,323
133,323
134,323
135,323
136,323
140,323
141,323
142,323
143,323
144,323
145,323
146,323
147,323
148,323
149,323
150,323
151,323
152,323
153,323
154,323
155,323
156,323
157,323
158,323
159,323
160,323
161,323
162,323
163,323
164,323
165,323
166,323
167,323
168,323
169,323
170,323
171,323
172,323
173,323
174,323
175,323
176,323
177,323
178,323
179,323
180,323
181,323
182,323
190,323
191,323
192,323
193,323
194,323
104,324
105,324
106,324
107,324
108,324
117,324
118,324
119,324
120,324
133,324
134,324
135,324
136,324
140,324
141,324
142,324
143,324
144,324
145,324
146,324
147,324
148,324
149,324
150,324
151,324
152,324
153,324
154,324
155,324
156,324
157,324
158,324
159,324
160,324
161,324
162,324
163,324
164,324
165,324
166,324
167,324
168,324
169,324
170,324
171,324
172,324
173,324
174,324
175,324
176,324
177,324
178,324
179,324
180,324
181,324
182,324
190,324
191,324
192,324
193,324
194,324
104,325
105,325
106,325
107,325
108,325
117,325
118,325
119,325
120,325
133,325
134,325
135,325
141,325
142,325
143,325
144,325
145,325
146,325
147,325
148,325
149,325
150,325
151,325
152,325
153,325
154,325
155,325
156,325
157,325
158,325
159,325
160,325
161,325
162,325
163,325
164,325
165,325
166,325
167,325
168,325
169,325
170,325
171,325
179,325
180,325
181,325
182,325
190,325
191,325
192,325
193,325
194,325
104,326
105,326
106,326
107,326
108,326
118,326
119,326
120,326
133,326
134,326
135,326
141,326
142,326
143,326
144,326
145,326
146,326
147,326
148,326
149,326
150,326
151,326
152,326
153,326
154,326
155,326
156,326
157,326
158,326
159,326
160,326
161,326
162,326
165,326
166,326
167,326
168,326
169,326
170,326
171,326
179,326
180,326
181,326
182,326
190,326
191,326
192,326
193,326
194,326
104,327
105,327
106,327
107,327
108,327
118,327
119,327
120,327
133,327
134,327
135,327
136,327
141,327
142,327
143,327
144,327
145,327
146,327
147,327
148,327
149,327
150,327
155,327
156,327
157,327
158,327
168,327
169,327
170,327
171,327
179,327
180,327
181,327
182,327
190,327
191,327
192,327
193,327
194,327
104,328
105,328
106,328
107,328
108,328
117,328
118,328
119,328
120,328
121,328
122,328
123,328
124,328
125,328
126,328
127,328
128,328
129,328
130,328
131,328
132,328
133,328
134,328
135,328
136,328
144,328
145,328
146,328
147,328
148,328
169,328
170,328
171,328
179,328
180,328
181,328
182,328
190,328
191,328
192,328
193,328
194,328
104,329
105,329
106,329
107,329
108,329
117,329
118,329
119,329
120,329
121,329
122,329
123,329
124,329
125,329
126,329
127,329
128,329
129,329
130,329
131,329
132,329
133,329
134,329
135,329
136,329
144,329
145,329
146,329
147,329
148,329
168,329
169,329
170,329
171,329
172,329
173,329
174,329
175,329
176,329
177,329
178,329
179,329
180,329
181,329
182,329
190,329
191,329
192,329
193,329
194,329
104,330
105,330
106,330
107,330
108,330
117,330
118,330
119,330
120,330
121,330
122,330
123,330
124,330
125,330
126,330
127,330
128,330
129,330
130,330
131,330
132,330
133,330
134,330
135,330
136,330
144,330
145,330
146,330
147,330
148,330
168,330
169,330
170,330
171,330
172,330
173,330
174,330
175,330
176,330
177,330
178,330
179,330
180,330
181,330
190,330
191,330
192,330
193,330
194,330
104,331
105,331
106,331
107,331
108,331
118,331
119,331
120,331
121,331
122,331
123,331
124,331
125,331
126,331
129,331
130,331
131,331
132,331
133,331
134,331
135,331
144,331
145,331
146,331
147,331
148,331
153,331
154,331
155,331
157,331
158,331
159,331
160,331
161,331
171,331
172,331
173,331
177,331
178,331
179,331
180,331
181,331
187,331
189,331
190,331
191,331
192,331
193,331
194,331
195,331
196,331
197,331
104,332
105,332
106,332
107,332
108,332
144,332
145,332
146,332
147,332
148,332
152,332
153,332
154,332
155,332
156,332
157,332
158,332
159,332
160,332
161,332
162,332
163,332
164,332
187,332
188,332
189,332
190,332
191,332
192,332
193,332
194,332
195,332
196,332
197,332
198,332
104,333
105,333
106,333
107,333
108,333
144,333
145,333
146,333
147,333
148,333
152,333
153,333
154,333
155,333
156,333
157,333
158,333
159,333
160,333
161,333
162,333
163,333
164,333
186,333
187,333
188,333
189,333
190,333
191,333
192,333
193,333
194,333
195,333
196,333
197,333
198,333
104,334
105,334
106,334
107,334
108,334
144,334
145,334
146,334
147,334
148,334
152,334
153,334
154,334
155,334
156,334
157,334
158,334
159,334
160,334
161,334
162,334
163,334
164,334
186,334
187,334
188,334
189,334
190,334
191,334
192,334
193,334
194,334
195,334
196,334
197,334
198,334
104,335
105,335
106,335
107,335
108,335
109,335
110,335
111,335
112,335
113,335
114,335
115,335
116,335
117,335
118,335
119,335
120,335
121,335
123,335
124,335
125,335
126,335
127,335
128,335
129,335
130,335
131,335
132,335
133,335
134,335
135,335
136,335
137,335
138,335
139,335
140,335
141,335
142,335
143,335
144,335
145,335
146,335
147,335
148,335
152,335
153,335
154,335
155,335
161,335
162,335
163,335
164,335
165,335
166,335
167,335
168,335
169,335
170,335
171,335
174,335
175,335
176,335
177,335
178,335
179,335
180,335
181,335
182,335
183,335
184,335
185,335
186,335
187,335
188,335
189,335
195,335
196,335
197,335
198,335
104,336
105,336
106,336
107,336
108,336
109,336
110,336
111,336
112,336
113,336
114,336
115,336
116,336
117,336
118,336
119,336
120,336
121,336
122,336
123,336
124,336
125,336
126,336
127,336
128,336
129,336
130,336
131,336
132,336
133,336
134,336
135,336
136,336
137,336
138,336
139,336
140,336
141,336
142,336
143,336
144,336
145,336
146,336
147,336
148,336
152,336
153,336
154,336
155,336
161,336
162,336
163,336
164,336
165,336
166,336
167,336
168,336
169,336
170,336
171,336
172,336
173,336
174,336
175,336
176,336
177,336
178,336
179,336
180,336
181,336
182,336
183,336
184,336
185,336
186,336
187,336
188,336
189,336
195,336
196,336
197,336
198,336
104,337
105,337
106,337
107,337
108,337
109,337
110,337
111,337
112,337
113,337
114,337
115,337
116,337
117,337
118,337
119,337
120,337
121,337
122,337
123,337
124,337
125,337
126,337
127,337
128,337
129,337
130,337
131,337
132,337
133,337
134,337
135,337
136,337
137,337
138,337
139,337
140,337
141,337
142,337
143,337
144,337
145,337
146,337
147,337
148,337
153,337
154,337
155,337
161,337
162,337
163,337
164,337
165,337
166,337
167,337
168,337
169,337
170,337
171,337
172,337
173,337
174,337
175,337
176,337
177,337
178,337
179,337
180,337
181,337
182,337
183,337
184,337
185,337
186,337
187,337
188,337
189,337
195,337
196,337
197,337
198,337
104,338
105,338
106,338
107,338
108,338
109,338
110,338
111,338
112,338
113,338
114,338
115,338
116,338
117,338
118,338
119,338
120,338
121,338
122,338
123,338
124,338
125,338
126,338
127,338
128,338
129,338
130,338
131,338
132,338
133,338
134,338
135,338
136,338
137,338
138,338
139,338
140,338
141,338
142,338
143,338
144,338
145,338
146,338
147,338
148,338
153,338
154,338
155,338
161,338
162,338
163,338
164,338
165,338
166,338
167,338
168,338
169,338
170,338
171,338
172,338
173,338
174,338
175,338
176,338
177,338
178,338
179,338
180,338
181,338
182,338
183,338
184,338
185,338
186,338
187,338
188,338
189,338
195,338
196,338
197,338
198,338
105,339
106,339
107,339
108,339
109,339
110,339
111,339
112,339
113,339
114,339
115,339
116,339
117,339
118,339
119,339
120,339
121,339
122,339
123,339
124,339
125,339
126,339
127,339
128,339
129,339
132,339
133,339
134,339
135,339
136,339
137,339
138,339
139,339
140,339
141,339
142,339
143,339
144,339
145,339
146,339
147,339
153,339
154,339
155,339
161,339
162,339
163,339
164,339
165,339
166,339
167,339
168,339
169,339
170,339
171,339
172,339
173,339
174,339
175,339
178,339
179,339
180,339
181,339
182,339
183,339
184,339
185,339
186,339
187,339
188,339
189,339
195,339
196,339
197,339
198,339
152,340
153,340
154,340
155,340
156,340
157,340
158,340
159,340
160,340
161,340
162,340
163,340
164,340
186,340
187,340
188,340
189,340
190,340
191,340
192,340
193,340
194,340
195,340
196,340
197,340
152,341
153,341
154,341
155,341
156,341
157,341
158,341
159,341
160,341
161,341
162,341
163,341
186,341
187,341
188,341
189,341
190,341
191,341
192,341
193,341
194,341
195,341
196,341
197,341
152,342
153,342
154,342
155,342
156,342
157,342
158,342
159,342
160,342
161,342
162,342
163,342
186,342
187,342
188,342
189,342
190,342
191,342
192,342
193,342
194,342
195,342
196,342
197,342
198,342
153,343
154,343
156,343
157,343
158,343
159,343
160,343
161,343
162,343
187,343
188,343
191,343
192,343
193,343
194,343
195,343
196,343
197,343
